7.680750457378263674e-01 8.477440277806985724e-01 6.899999999999999467e-01 6.540000000000000258e-01
5.769905235662120546e-01 6.395563581380925289e-01 7.880000000000000338e-01 7.670000000000000151e-01
5.382542147172771907e-01 6.149682987659489397e-01 8.122000000000000330e-01 7.810000000000000275e-01
4.904688969864843817e-01 5.929862875036495673e-01 8.284000000000000252e-01 7.780000000000000249e-01
4.704358723824829114e-01 5.635347479821153360e-01 8.289999999999999591e-01 7.840000000000000302e-01
4.912047358443791256e-01 6.151182104052327348e-01 7.995999999999999774e-01 7.590000000000000080e-01
5.029878101069813479e-01 5.718470449661394728e-01 8.090000000000000524e-01 7.870000000000000329e-01
4.475248319510201078e-01 5.532299529465486421e-01 8.217999999999999750e-01 7.790000000000000258e-01
3.933660259847971963e-01 5.151731678129096714e-01 8.584000000000000519e-01 8.110000000000000542e-01
4.146233131461226629e-01 5.475553948806060056e-01 8.406000000000000139e-01 7.840000000000000302e-01
3.727842527269332740e-01 4.939033998973539896e-01 8.656000000000000361e-01 8.120000000000000551e-01
3.758379324178896530e-01 5.169524535520529929e-01 8.611999999999999655e-01 8.100000000000000533e-01
3.570372330358002055e-01 4.774933888898355017e-01 8.673999999999999488e-01 8.080000000000000515e-01
3.702141744424061742e-01 5.252721018241119921e-01 8.743999999999999551e-01 8.179999999999999494e-01
3.506552798372019053e-01 5.345232768881292840e-01 8.688000000000000167e-01 8.149999999999999467e-01
3.321283126213890879e-01 4.965319090000270275e-01 8.739999999999999991e-01 8.189999999999999503e-01
3.060131079983962055e-01 4.865195526807582493e-01 8.850000000000000089e-01 8.299999999999999600e-01
3.528840879308096645e-01 4.903983566146643547e-01 8.586000000000000298e-01 8.020000000000000462e-01
3.616834765950026620e-01 5.297143752764023050e-01 8.638000000000000123e-01 8.060000000000000497e-01
3.437106801388463140e-01 5.100270552312399230e-01 8.788000000000000256e-01 8.129999999999999449e-01
5.371648387618944698e-01 6.953787105837599958e-01 8.082000000000000295e-01 7.590000000000000080e-01
3.359486259890408499e-01 5.037960353972511518e-01 8.760000000000000009e-01 8.189999999999999503e-01
3.309854616567571850e-01 5.276971988005312308e-01 8.656000000000000361e-01 8.030000000000000471e-01
3.060710923486981705e-01 4.879754403664476881e-01 8.861999999999999877e-01 8.259999999999999565e-01
3.279789585839666399e-01 5.079608045903917235e-01 8.800000000000000044e-01 8.239999999999999547e-01
2.899624288375491354e-01 4.688121835764741396e-01 8.961999999999999966e-01 8.219999999999999529e-01
3.265993467723967703e-01 5.224387568596857712e-01 8.691999999999999726e-01 8.010000000000000453e-01
2.921208264454960291e-01 5.089559352975510098e-01 8.848000000000000309e-01 8.219999999999999529e-01
3.097897316632127751e-01 5.158330565424040781e-01 8.891999999999999904e-01 8.219999999999999529e-01
2.935607557832314307e-01 5.085656034755606791e-01 8.868000000000000327e-01 8.189999999999999503e-01
3.686358013896287034e-01 5.411694392144347221e-01 8.773999999999999577e-01 8.239999999999999547e-01
2.811762336729188294e-01 5.018864014094881476e-01 8.980000000000000204e-01 8.309999999999999609e-01
3.354944276820872595e-01 5.100487883932811606e-01 8.708000000000000185e-01 8.159999999999999476e-01
3.085280362756331884e-01 5.268010262208157046e-01 8.793999999999999595e-01 8.110000000000000542e-01
2.943167107872873278e-01 4.977820745962787119e-01 8.893999999999999684e-01 8.219999999999999529e-01
3.313797461339038630e-01 5.752614475762252155e-01 8.761999999999999789e-01 8.010000000000000453e-01
2.834078915753904249e-01 4.761044255928705282e-01 8.943999999999999728e-01 8.269999999999999574e-01
2.798244968214480544e-01 5.018998684633334539e-01 8.965999999999999526e-01 8.219999999999999529e-01
2.986974533802778664e-01 4.633182907352095259e-01 8.938000000000000389e-01 8.329999999999999627e-01
2.684731956546500542e-01 4.959281980897528030e-01 9.003999999999999782e-01 8.189999999999999503e-01
3.053522657127552553e-01 6.020642601107593084e-01 8.901999999999999913e-01 8.080000000000000515e-01
2.677299619320427371e-01 4.687570854024639688e-01 9.018000000000000460e-01 8.409999999999999698e-01
2.999734046089915784e-01 4.834667147308682189e-01 8.888000000000000345e-01 8.329999999999999627e-01
3.165348210248488670e-01 5.031526567625668189e-01 8.753999999999999559e-01 8.189999999999999503e-01
2.853287403957097679e-01 4.989121557154012621e-01 8.943999999999999728e-01 8.179999999999999494e-01
2.832378464927707284e-01 4.939387830961203263e-01 8.935999999999999499e-01 8.189999999999999503e-01
2.981584540589398702e-01 5.267793336210765398e-01 8.831999999999999851e-01 8.149999999999999467e-01
3.059161034956483505e-01 5.506650463401329132e-01 8.691999999999999726e-01 7.960000000000000409e-01
2.549568706274636387e-01 4.957378819558816985e-01 9.022000000000000020e-01 8.279999999999999583e-01
2.777816349121684514e-01 5.033535547161652746e-01 8.898000000000000353e-01 8.199999999999999512e-01
2.785915885848289641e-01 5.246015715970624438e-01 8.983999999999999764e-01 8.229999999999999538e-01
2.403421514768407097e-01 4.540803877997000582e-01 9.118000000000000549e-01 8.319999999999999618e-01
2.513362200381668021e-01 4.740619456402671572e-01 9.092000000000000082e-01 8.319999999999999618e-01
2.635426763334420275e-01 4.832468892593249077e-01 9.020000000000000240e-01 8.319999999999999618e-01
2.941677222774238820e-01 5.128156421709234580e-01 8.861999999999999877e-01 8.129999999999999449e-01
2.564859359751789913e-01 4.659131565840365363e-01 9.032000000000000028e-01 8.349999999999999645e-01
2.755651609362778087e-01 5.371806474505310680e-01 8.978000000000000425e-01 8.050000000000000488e-01
2.967865996938703343e-01 5.449878250497481869e-01 8.918000000000000371e-01 8.060000000000000497e-01
3.217796283558991277e-01 5.231602774802126543e-01 8.831999999999999851e-01 8.169999999999999485e-01
3.434386507533774835e-01 5.872926108019437264e-01 8.653999999999999471e-01 7.870000000000000329e-01
2.573098463045120909e-01 4.918186027237348990e-01 9.048000000000000487e-01 8.209999999999999520e-01
3.084659494874271712e-01 5.554280055563228791e-01 8.823999999999999622e-01 8.070000000000000506e-01
2.900065368178228464e-01 5.121947191810622968e-01 8.851999999999999869e-01 8.129999999999999449e-01
2.567732123408947298e-01 5.608560880227507761e-01 9.022000000000000020e-01 8.139999999999999458e-01
2.957543584893765898e-01 5.463264738144525401e-01 8.868000000000000327e-01 8.179999999999999494e-01
2.864771651785492645e-01 5.431044997514561379e-01 8.983999999999999764e-01 8.189999999999999503e-01
2.982073019263981606e-01 4.808500353407197392e-01 8.750000000000000000e-01 8.179999999999999494e-01
2.469270208154715762e-01 4.481368667369986514e-01 9.065999999999999615e-01 8.409999999999999698e-01
2.401710093459755169e-01 4.791293526113705736e-01 9.150000000000000355e-01 8.339999999999999636e-01
3.189694794893503937e-01 5.712007599314249395e-01 8.716000000000000414e-01 8.100000000000000533e-01
2.121683311535161875e-01 4.938833222313700477e-01 9.147999999999999465e-01 8.469999999999999751e-01
2.047102718339869620e-01 4.807965458892095034e-01 9.233999999999999986e-01 8.409999999999999698e-01
2.334523752476469760e-01 4.638981855589419112e-01 9.182000000000000162e-01 8.399999999999999689e-01
2.500141370425663090e-01 5.123544217597866268e-01 9.038000000000000478e-01 8.229999999999999538e-01
2.931727105404767775e-01 5.976338163056151842e-01 8.823999999999999622e-01 8.120000000000000551e-01
2.652121162657781195e-01 5.156670521698212273e-01 8.938000000000000389e-01 8.090000000000000524e-01
2.501123008254728664e-01 4.977237562962842365e-01 9.052000000000000046e-01 8.199999999999999512e-01
2.599923871445281587e-01 4.845735571201095215e-01 9.038000000000000478e-01 8.249999999999999556e-01
2.479511460934683276e-01 4.804991022020118629e-01 9.100000000000000311e-01 8.269999999999999574e-01
3.123806669581882245e-01 5.752179178940453053e-01 8.801999999999999824e-01 7.940000000000000391e-01
2.554645768142148055e-01 5.818530275691573550e-01 8.995999999999999552e-01 8.319999999999999618e-01
2.368233427158842053e-01 5.314526711099808454e-01 9.078000000000000513e-01 8.289999999999999591e-01
3.340533967929423809e-01 5.643981391570862538e-01 8.556000000000000272e-01 7.790000000000000258e-01
1.960032928105505667e-01 4.309942856264014077e-01 9.295999999999999819e-01 8.329999999999999627e-01
2.648963994442908865e-01 5.306847031322801111e-01 8.995999999999999552e-01 8.179999999999999494e-01
2.231664727070266641e-01 4.663370300605925722e-01 9.203999999999999959e-01 8.359999999999999654e-01
2.210058996557308086e-01 4.471807419129453232e-01 9.197999999999999510e-01 8.369999999999999662e-01
2.573435269454766305e-01 5.266569600487268632e-01 9.098000000000000531e-01 8.239999999999999547e-01
3.382265307825240153e-01 5.795585243918545126e-01 8.820000000000000062e-01 8.110000000000000542e-01
2.552811484036348610e-01 4.996818751787147628e-01 9.030000000000000249e-01 8.199999999999999512e-01
2.723969737494575383e-01 5.088677640541133806e-01 8.980000000000000204e-01 8.149999999999999467e-01
2.919215673172005365e-01 4.857519974607227842e-01 8.960000000000000187e-01 8.209999999999999520e-01
2.415664697820508189e-01 5.185697450869450886e-01 9.130000000000000338e-01 8.309999999999999609e-01
2.574029018608356423e-01 5.159613319173391721e-01 9.003999999999999782e-01 8.159999999999999476e-01
3.025785434304582022e-01 5.316335569589146770e-01 8.858000000000000318e-01 8.129999999999999449e-01
2.443618400268846580e-01 5.163462263699208910e-01 9.112000000000000099e-01 8.219999999999999529e-01
2.563249278428216815e-01 5.117583939636227708e-01 8.953999999999999737e-01 8.020000000000000462e-01
2.573175988090684041e-01 5.009322540256124778e-01 8.975999999999999535e-01 8.279999999999999583e-01
2.626889582007762569e-01 5.797601983706801576e-01 9.038000000000000478e-01 8.070000000000000506e-01
2.985040565255100975e-01 6.162122735107636862e-01 8.888000000000000345e-01 8.139999999999999458e-01
2.478384973635953392e-01 5.952842883870290702e-01 9.075999999999999623e-01 8.120000000000000551e-01
2.615073707577103002e-01 5.082473384701005070e-01 9.003999999999999782e-01 8.189999999999999503e-01
3.133521807403635839e-01 5.863817313247356999e-01 8.780000000000000027e-01 8.040000000000000480e-01
3.010938156745712191e-01 5.644221297367164603e-01 8.823999999999999622e-01 8.080000000000000515e-01
2.526388790408538587e-01 4.599466331867324009e-01 9.120000000000000329e-01 8.389999999999999680e-01
2.744551523200943199e-01 5.638913124937559029e-01 8.998000000000000442e-01 8.229999999999999538e-01
2.682352037178829529e-01 5.435722660439245013e-01 9.010000000000000231e-01 8.199999999999999512e-01
2.645540865203906966e-01 5.199227265544227317e-01 8.930000000000000160e-01 8.129999999999999449e-01
2.379193713067473126e-01 4.907915227012343840e-01 9.127999999999999448e-01 8.239999999999999547e-01
2.709766430244641144e-01 5.614736942558615773e-01 8.961999999999999966e-01 8.139999999999999458e-01
2.713964857857615876e-01 5.574096516725153272e-01 8.948000000000000398e-01 8.169999999999999485e-01
2.499683769167908853e-01 5.138402140941111806e-01 9.045999999999999597e-01 8.129999999999999449e-01
2.337718094299085225e-01 5.489107817170770787e-01 9.140000000000000346e-01 8.239999999999999547e-01
2.474674372069287642e-01 5.404152520801901449e-01 9.122000000000000108e-01 8.269999999999999574e-01
2.466734014319500734e-01 4.469444571161126922e-01 9.053999999999999826e-01 8.239999999999999547e-01
2.481607586224356121e-01 5.514110913863650154e-01 9.075999999999999623e-01 8.159999999999999476e-01
2.094091716674487680e-01 4.976347449519271104e-01 9.265999999999999792e-01 8.279999999999999583e-01
3.616297369988332733e-01 5.807513110088302621e-01 8.708000000000000185e-01 8.010000000000000453e-01
2.268429251717255235e-01 5.383899391209554519e-01 9.140000000000000346e-01 8.349999999999999645e-01
2.884207612402718279e-01 5.270270008829095465e-01 8.918000000000000371e-01 8.100000000000000533e-01
2.176141877362648691e-01 5.158970410697142350e-01 9.180000000000000382e-01 8.239999999999999547e-01
2.764585251038101932e-01 5.103716612790070162e-01 9.023999999999999799e-01 8.189999999999999503e-01
2.407722190885854263e-01 4.936801572785459724e-01 9.140000000000000346e-01 8.279999999999999583e-01
2.187672016144867615e-01 4.873919432407731733e-01 9.217999999999999527e-01 8.299999999999999600e-01
2.780617288322159708e-01 5.929697632113918315e-01 9.053999999999999826e-01 8.159999999999999476e-01
2.691609655097857434e-01 4.767817737951368651e-01 8.871999999999999886e-01 8.139999999999999458e-01
2.417507712884108539e-01 4.728550073982051849e-01 9.103999999999999870e-01 8.399999999999999689e-01
2.500637495081515227e-01 5.338427629225811488e-01 9.122000000000000108e-01 8.319999999999999618e-01
2.317341820806321229e-01 5.013754303206021667e-01 9.110000000000000320e-01 8.229999999999999538e-01
2.836058579558800585e-01 5.621041916368477720e-01 8.875999999999999446e-01 8.100000000000000533e-01
2.793607781553486546e-01 5.474617181328553794e-01 8.950000000000000178e-01 8.149999999999999467e-01
3.118494630984584570e-01 5.963303397571878550e-01 8.783999999999999586e-01 8.010000000000000453e-01
2.207083009266631868e-01 5.056534271467021391e-01 9.207999999999999519e-01 8.419999999999999707e-01
2.418004624827468918e-01 5.393234863031730608e-01 9.098000000000000531e-01 8.179999999999999494e-01
2.385720401600317508e-01 5.075057600214122333e-01 9.162000000000000144e-01 8.309999999999999609e-01
2.357742653415179912e-01 5.228150200897190292e-01 9.122000000000000108e-01 8.289999999999999591e-01
2.175197683104995172e-01 5.275495326536119300e-01 9.225999999999999757e-01 8.339999999999999636e-01
2.232258893724809179e-01 4.717030554063798009e-01 9.193999999999999950e-01 8.309999999999999609e-01
2.503609534888113775e-01 5.076275380697676809e-01 9.098000000000000531e-01 8.189999999999999503e-01
2.386768126309598836e-01 5.387192854627758098e-01 9.118000000000000549e-01 8.289999999999999591e-01
2.598488717590942687e-01 5.793555862132120371e-01 8.965999999999999526e-01 8.199999999999999512e-01
2.395955642061628199e-01 5.244494990966775960e-01 9.122000000000000108e-01 8.179999999999999494e-01
2.272945879269598624e-01 4.604435864241820386e-01 9.170000000000000373e-01 8.379999999999999671e-01
2.404801695968559194e-01 4.577631417553077453e-01 9.197999999999999510e-01 8.329999999999999627e-01
3.228459307218870533e-01 6.081293894924730825e-01 8.808000000000000274e-01 8.030000000000000471e-01
2.681500721193467163e-01 5.283939597642798303e-01 8.998000000000000442e-01 8.299999999999999600e-01
2.635698899902293446e-01 5.396025667903343592e-01 9.012000000000000011e-01 8.189999999999999503e-01
2.614101390370478506e-01 5.243485971768750975e-01 9.058000000000000496e-01 8.179999999999999494e-01
2.268278902054474688e-01 5.316276609542215370e-01 9.145999999999999686e-01 8.269999999999999574e-01
2.271635331469085139e-01 4.942568914969899807e-01 9.160000000000000364e-01 8.269999999999999574e-01
2.263554918077400613e-01 5.890808237150756410e-01 9.140000000000000346e-01 8.149999999999999467e-01
3.092400192379493595e-01 5.494843493837865411e-01 8.803999999999999604e-01 8.110000000000000542e-01
2.277275341719520729e-01 4.509271179510654926e-01 9.172000000000000153e-01 8.319999999999999618e-01
2.898374757178062699e-01 5.424922471796488344e-01 8.925999999999999490e-01 8.159999999999999476e-01
2.491442901651440833e-01 4.998809409054886244e-01 9.045999999999999597e-01 8.319999999999999618e-01
2.338625939978558055e-01 4.457061081873566200e-01 9.173999999999999932e-01 8.379999999999999671e-01
2.492854234848180528e-01 5.297218088380570844e-01 9.028000000000000469e-01 8.030000000000000471e-01
2.288154652306630954e-01 4.590191983005881826e-01 9.250000000000000444e-01 8.229999999999999538e-01
2.273658395534594867e-01 4.910873912937191998e-01 9.132000000000000117e-01 8.319999999999999618e-01
2.761230024634378499e-01 5.572686755364785194e-01 8.908000000000000362e-01 8.120000000000000551e-01
2.294210329522974323e-01 4.829676070778187724e-01 9.145999999999999686e-01 8.269999999999999574e-01
2.625149107106636848e-01 5.544961817945227578e-01 8.998000000000000442e-01 8.100000000000000533e-01
2.929089623699103750e-01 5.435397568264100920e-01 8.921999999999999931e-01 8.110000000000000542e-01
2.606074814778547299e-01 5.100290708223782499e-01 8.950000000000000178e-01 8.139999999999999458e-01
2.523320666095267839e-01 4.560135678261810765e-01 9.085999999999999632e-01 8.269999999999999574e-01
2.885323583662567359e-01 5.605121399665333737e-01 8.910000000000000142e-01 8.100000000000000533e-01
2.365709699323196302e-01 4.489325090114498207e-01 9.150000000000000355e-01 8.269999999999999574e-01
2.868072929621274247e-01 5.094749797147719583e-01 8.953999999999999737e-01 8.149999999999999467e-01
2.483353521896377869e-01 4.766887298216710978e-01 9.102000000000000091e-01 8.209999999999999520e-01
2.077525675068845890e-01 5.047294743015406926e-01 9.267999999999999572e-01 8.339999999999999636e-01
2.107602823435751338e-01 4.526079290460980342e-01 9.272000000000000242e-01 8.289999999999999591e-01
2.661121954198231720e-01 4.763013478062602668e-01 9.055999999999999606e-01 8.289999999999999591e-01
2.393151282955168491e-01 5.091980349678872919e-01 9.092000000000000082e-01 8.169999999999999485e-01
2.335980235859736742e-01 5.057118004523899479e-01 9.123999999999999888e-01 8.349999999999999645e-01
2.792500175034150489e-01 5.679215606632537217e-01 8.950000000000000178e-01 8.040000000000000480e-01
2.956030126000263603e-01 5.622497052959306574e-01 8.841999999999999860e-01 8.060000000000000497e-01
2.066531066355274948e-01 4.821926033718586524e-01 9.260000000000000453e-01 8.329999999999999627e-01
2.166076800458304197e-01 4.431780058746704887e-01 9.240000000000000435e-01 8.349999999999999645e-01
2.298875232926899936e-01 5.092364679751432144e-01 9.143999999999999906e-01 8.189999999999999503e-01
2.270677078650886749e-01 4.717099805404375568e-01 9.162000000000000144e-01 8.259999999999999565e-01
2.369016797644711014e-01 4.879063810916400845e-01 9.110000000000000320e-01 8.179999999999999494e-01
2.649400114604248957e-01 5.109504587291892053e-01 9.010000000000000231e-01 8.359999999999999654e-01
2.292583017757776898e-01 5.109502724374325178e-01 9.182000000000000162e-01 8.179999999999999494e-01
3.358430152571929561e-01 5.781796543048176584e-01 8.696000000000000396e-01 8.020000000000000462e-01
2.446490325948041666e-01 4.856230875256362656e-01 9.088000000000000522e-01 8.439999999999999725e-01
2.371013093529027171e-01 4.873726350580903643e-01 9.113999999999999879e-01 8.239999999999999547e-01
2.478050086738824709e-01 5.966849420678780325e-01 9.108000000000000540e-01 8.179999999999999494e-01
2.618446537208705127e-01 5.056854698686237271e-01 9.025999999999999579e-01 8.100000000000000533e-01
2.696919530962729183e-01 5.294750248206623322e-01 8.908000000000000362e-01 8.000000000000000444e-01
2.434926617204953292e-01 5.188816457823559603e-01 9.092000000000000082e-01 8.239999999999999547e-01
2.563363921768412879e-01 5.270412095605728764e-01 9.080000000000000293e-01 8.359999999999999654e-01
2.574502092429412636e-01 5.747295913064089934e-01 9.015999999999999570e-01 8.159999999999999476e-01
2.475559372708596995e-01 5.311081642099448885e-01 9.080000000000000293e-01 8.249999999999999556e-01
2.291012254868310394e-01 4.871894722264382138e-01 9.095999999999999641e-01 8.229999999999999538e-01
2.698151729130094933e-01 4.946506226967652409e-01 9.008000000000000451e-01 8.159999999999999476e-01
3.078270386285839599e-01 5.673508238299423967e-01 8.863999999999999657e-01 8.100000000000000533e-01
2.299375162953168905e-01 4.578928191764268796e-01 9.240000000000000435e-01 8.389999999999999680e-01
2.633670953980286056e-01 4.533274922278303087e-01 9.035999999999999588e-01 8.399999999999999689e-01
2.480839893175273703e-01 5.266472221862302794e-01 9.110000000000000320e-01 8.199999999999999512e-01
2.730020964668460892e-01 5.062255713539671742e-01 9.102000000000000091e-01 8.219999999999999529e-01
2.593794496062358235e-01 4.782530622115164221e-01 9.055999999999999606e-01 8.149999999999999467e-01
2.602842825362970958e-01 4.877305809600072650e-01 9.003999999999999782e-01 8.209999999999999520e-01
2.407670354313077854e-01 5.145574306454255842e-01 9.022000000000000020e-01 8.289999999999999591e-01
2.332576984728199909e-01 4.954438377042374442e-01 9.172000000000000153e-01 8.329999999999999627e-01
2.234589499325999873e-01 4.885760015580987159e-01 9.170000000000000373e-01 8.319999999999999618e-01
2.071473695047669483e-01 4.871651895095943652e-01 9.267999999999999572e-01 8.339999999999999636e-01
2.614714955712362232e-01 5.463975035757310250e-01 9.023999999999999799e-01 8.139999999999999458e-01
2.686528918850370484e-01 5.083973036778953736e-01 9.005999999999999561e-01 8.269999999999999574e-01
2.821735416949908704e-01 5.194655771554630430e-01 8.961999999999999966e-01 8.229999999999999538e-01
2.476220725912612053e-01 4.822923231789775778e-01 9.030000000000000249e-01 8.339999999999999636e-01
2.705411193819257099e-01 5.337666794547748506e-01 8.938000000000000389e-01 8.359999999999999654e-01
2.333431514288752673e-01 4.755241011452296940e-01 9.173999999999999932e-01 8.269999999999999574e-01
2.383921001504718251e-01 5.016569618880200032e-01 9.112000000000000099e-01 8.279999999999999583e-01
2.419258374429719971e-01 5.236310939025257127e-01 9.110000000000000320e-01 8.159999999999999476e-01
2.352675291815273240e-01 5.109102675424657125e-01 9.100000000000000311e-01 8.249999999999999556e-01
2.350795139989746152e-01 4.825358676818639059e-01 9.120000000000000329e-01 8.389999999999999680e-01
2.718595950649713155e-01 5.635256982303922246e-01 9.048000000000000487e-01 8.249999999999999556e-01
2.510493853543835918e-01 6.094789824689992308e-01 9.045999999999999597e-01 8.199999999999999512e-01
2.149593478014285575e-01 4.854376906547229753e-01 9.237999999999999545e-01 8.369999999999999662e-01
2.124792926278797067e-01 5.046240439275415657e-01 9.207999999999999519e-01 8.329999999999999627e-01
2.647263036926134072e-01 5.089735807290574066e-01 8.975999999999999535e-01 8.219999999999999529e-01
2.486565537599387532e-01 5.127631681640183459e-01 9.062000000000000055e-01 8.299999999999999600e-01
2.501169943108623728e-01 4.851236252034537011e-01 9.052000000000000046e-01 8.289999999999999591e-01
2.492691869059583121e-01 5.178158847476526105e-01 9.085999999999999632e-01 8.219999999999999529e-01
2.556137453734977916e-01 5.273562902005662911e-01 9.038000000000000478e-01 8.289999999999999591e-01
2.437152082584036761e-01 5.129442927996685775e-01 9.035999999999999588e-01 8.309999999999999609e-01
2.718586991356076177e-01 5.240808972232471330e-01 8.965999999999999526e-01 8.239999999999999547e-01
2.640103668279418225e-01 5.073265252633739619e-01 9.040000000000000258e-01 8.249999999999999556e-01
2.371023287926263823e-01 4.784484756936802641e-01 9.137999999999999456e-01 8.229999999999999538e-01
2.308529139162396882e-01 5.329112666654303165e-01 9.133999999999999897e-01 8.289999999999999591e-01
2.878153452422448355e-01 5.285358420814927349e-01 8.965999999999999526e-01 8.199999999999999512e-01
2.238636513454036470e-01 4.824485724298364087e-01 9.152000000000000135e-01 8.349999999999999645e-01
2.292673406265197111e-01 5.309636615803016157e-01 9.180000000000000382e-01 8.249999999999999556e-01
2.660731934322186909e-01 5.302871198398615427e-01 9.050000000000000266e-01 8.259999999999999565e-01
2.621608470615818254e-01 5.328646123806879409e-01 8.988000000000000433e-01 8.239999999999999547e-01
2.255402885971438121e-01 4.717107305105451842e-01 9.227999999999999536e-01 8.349999999999999645e-01
2.169508797951156809e-01 4.448332954569774733e-01 9.254000000000000004e-01 8.409999999999999698e-01
2.693287147509515478e-01 4.917924800387559192e-01 9.020000000000000240e-01 8.239999999999999547e-01
2.150753104380893066e-01 4.976575798310050591e-01 9.210000000000000409e-01 8.359999999999999654e-01
2.341744883316018710e-01 4.773539366403307671e-01 9.195999999999999730e-01 8.299999999999999600e-01
2.210843556957189648e-01 4.913666287765995344e-01 9.160000000000000364e-01 8.369999999999999662e-01
2.080155394593617146e-01 4.676907674760584777e-01 9.262000000000000233e-01 8.319999999999999618e-01
2.781563303410596877e-01 4.888720305856347759e-01 9.102000000000000091e-01 8.179999999999999494e-01
2.585456946945616785e-01 4.787856487724316268e-01 9.065999999999999615e-01 8.259999999999999565e-01
3.072661261208372019e-01 6.236235236599628751e-01 8.920000000000000151e-01 8.129999999999999449e-01
2.207671410831890113e-01 4.995717244965778847e-01 9.180000000000000382e-01 8.299999999999999600e-01
2.561417276190501857e-01 5.882194888033688285e-01 8.940000000000000169e-01 8.159999999999999476e-01
2.658003764379908707e-01 5.143790272211272718e-01 8.951999999999999957e-01 8.120000000000000551e-01
2.452260563169925134e-01 5.207750850023871170e-01 9.075999999999999623e-01 8.319999999999999618e-01
2.954063046651636548e-01 6.036497742911896003e-01 8.781999999999999806e-01 8.120000000000000551e-01
2.935867243793478520e-01 5.147744807938591238e-01 9.010000000000000231e-01 8.070000000000000506e-01
3.404886386273846544e-01 5.511978904702509174e-01 8.726000000000000423e-01 7.940000000000000391e-01
2.646303438233647554e-01 5.383640213371856387e-01 9.028000000000000469e-01 8.189999999999999503e-01
2.534624651726579136e-01 5.477600456622208069e-01 9.063999999999999835e-01 8.070000000000000506e-01
2.840640340627040850e-01 5.325468901700983748e-01 8.971999999999999975e-01 8.239999999999999547e-01
3.614247676156818745e-01 6.499199955596652867e-01 8.556000000000000272e-01 7.910000000000000364e-01
2.913228188375688865e-01 5.412868800946600834e-01 8.940000000000000169e-01 8.149999999999999467e-01
2.880542581982652450e-01 4.822118008300693703e-01 8.978000000000000425e-01 8.229999999999999538e-01
2.768810450788005695e-01 5.379352929131033800e-01 9.020000000000000240e-01 8.279999999999999583e-01
2.413386966783839793e-01 5.365941101532285540e-01 9.073999999999999844e-01 8.309999999999999609e-01
2.679020713119332764e-01 5.282751690274335443e-01 9.033999999999999808e-01 8.289999999999999591e-01
2.400151528385059962e-01 4.715074012183201879e-01 9.153999999999999915e-01 8.249999999999999556e-01
2.552025444604832938e-01 4.824639251287163311e-01 9.160000000000000364e-01 8.349999999999999645e-01
3.004354954648450482e-01 5.639008186878723405e-01 8.891999999999999904e-01 8.149999999999999467e-01
2.583722237280509093e-01 5.276438339889891749e-01 9.042000000000000037e-01 8.129999999999999449e-01
2.840726206152355826e-01 5.878235658836877819e-01 8.971999999999999975e-01 8.100000000000000533e-01
3.470521951759403256e-01 6.273486121116732539e-01 8.820000000000000062e-01 7.980000000000000426e-01
2.840083055546717139e-01 5.347303299243808539e-01 8.960000000000000187e-01 8.149999999999999467e-01
2.209636575135707492e-01 4.916571385469105104e-01 9.220000000000000417e-01 8.359999999999999654e-01
3.145630322756466368e-01 5.693503819674410327e-01 8.776000000000000467e-01 8.189999999999999503e-01
2.751102777425328827e-01 5.844533013474272343e-01 8.983999999999999764e-01 8.229999999999999538e-01
2.545630870874838747e-01 5.137768701460376786e-01 9.103999999999999870e-01 8.269999999999999574e-01
2.482370482133041956e-01 5.309343629272512688e-01 9.043999999999999817e-01 8.309999999999999609e-01
2.493983681694526833e-01 5.278217174387916932e-01 9.032000000000000028e-01 8.249999999999999556e-01
2.241293618477027960e-01 4.603679225603975467e-01 9.207999999999999519e-01 8.439999999999999725e-01
2.596112709714347710e-01 5.406114374573182113e-01 9.072000000000000064e-01 8.239999999999999547e-01
2.392294596505831483e-01 5.338510920750707545e-01 9.123999999999999888e-01 8.229999999999999538e-01
2.381659781028001854e-01 5.271143191560613284e-01 9.163999999999999924e-01 8.309999999999999609e-01
2.523939531519207025e-01 4.767766438482505253e-01 9.123999999999999888e-01 8.349999999999999645e-01
2.573962901622818822e-01 5.278948326745646069e-01 9.015999999999999570e-01 8.369999999999999662e-01
2.803973243899800516e-01 5.381137288761649318e-01 9.038000000000000478e-01 8.209999999999999520e-01
2.661518496353525998e-01 5.592108811835663218e-01 8.963999999999999746e-01 8.149999999999999467e-01
2.613084805828616575e-01 5.045261672430139122e-01 8.968000000000000416e-01 8.139999999999999458e-01
2.422296504683445206e-01 4.736319618124276709e-01 9.110000000000000320e-01 8.429999999999999716e-01
2.150088166586414384e-01 4.747627117734928293e-01 9.213999999999999968e-01 8.389999999999999680e-01
2.531752109224710834e-01 4.962463998047567659e-01 9.055999999999999606e-01 8.219999999999999529e-01
3.362646538752598890e-01 5.446043818768798728e-01 8.693999999999999506e-01 8.030000000000000471e-01
3.070087694391785416e-01 5.477328707157147480e-01 8.811999999999999833e-01 8.219999999999999529e-01
2.346041601891422079e-01 4.996995358993209235e-01 9.120000000000000329e-01 8.329999999999999627e-01
2.516108672705910099e-01 5.111113306950830770e-01 9.122000000000000108e-01 8.239999999999999547e-01
2.986845876896268015e-01 4.882088888518084091e-01 8.796000000000000485e-01 8.309999999999999609e-01
2.523729248694253080e-01 5.043133756192531569e-01 9.093999999999999861e-01 8.379999999999999671e-01
2.486034948472236328e-01 5.187051869691636785e-01 9.083999999999999853e-01 8.259999999999999565e-01
2.685555604661128970e-01 5.559572260732138504e-01 9.088000000000000522e-01 8.239999999999999547e-01
2.706425496793249952e-01 5.326804221067856782e-01 8.951999999999999957e-01 8.139999999999999458e-01
3.339390483949716271e-01 6.017488510627971854e-01 8.736000000000000432e-01 7.940000000000000391e-01
2.880340075550940071e-01 6.058877939724389705e-01 8.913999999999999702e-01 8.149999999999999467e-01
2.582945094015627330e-01 4.845271833252602911e-01 9.190000000000000391e-01 8.359999999999999654e-01
2.587431417066972106e-01 5.524890768021398779e-01 9.043999999999999817e-01 8.199999999999999512e-01
2.668865120142729919e-01 4.903879622277504957e-01 9.063999999999999835e-01 8.239999999999999547e-01
3.919150057401356024e-01 6.110721616515912835e-01 8.569999999999999840e-01 8.030000000000000471e-01
2.948748617118093773e-01 5.424351110549521238e-01 8.806000000000000494e-01 8.120000000000000551e-01
3.250533248142564724e-01 5.245674258969438286e-01 8.828000000000000291e-01 8.120000000000000551e-01
2.606968253894896281e-01 5.133808346243068366e-01 9.020000000000000240e-01 8.279999999999999583e-01
2.584056853610652293e-01 4.681457271193051328e-01 9.118000000000000549e-01 8.349999999999999645e-01
2.467257960607479594e-01 4.747607393294571154e-01 9.112000000000000099e-01 8.419999999999999707e-01
2.721734414584959239e-01 5.028750922875492302e-01 8.885999999999999455e-01 8.229999999999999538e-01
2.981021485678443939e-01 4.987373697629114422e-01 8.931999999999999940e-01 8.129999999999999449e-01
2.950315523408142959e-01 5.329592268706885294e-01 8.960000000000000187e-01 8.179999999999999494e-01
2.844987175450913175e-01 5.117399639833231095e-01 8.851999999999999869e-01 8.179999999999999494e-01
2.926331571792588626e-01 4.956500825920963083e-01 8.985999999999999543e-01 8.329999999999999627e-01
2.679411292378431897e-01 4.770538173617104305e-01 9.055999999999999606e-01 8.319999999999999618e-01
2.560876139377644689e-01 4.782318436449533028e-01 9.100000000000000311e-01 8.199999999999999512e-01
2.735735098774722540e-01 4.964634652221968647e-01 9.000000000000000222e-01 8.269999999999999574e-01
2.800924490095562658e-01 4.969636547021593631e-01 8.933999999999999719e-01 8.050000000000000488e-01
2.642379224466996912e-01 4.835894551501281891e-01 9.105999999999999650e-01 8.269999999999999574e-01
2.400077388120704092e-01 4.552428198419047334e-01 9.160000000000000364e-01 8.329999999999999627e-01
2.783307126896669148e-01 5.941506440053653249e-01 8.958000000000000407e-01 8.110000000000000542e-01
2.657380974084208036e-01 4.827786223011627520e-01 9.058000000000000496e-01 8.279999999999999583e-01
2.783973329287013909e-01 5.210534870775292982e-01 9.055999999999999606e-01 8.369999999999999662e-01
2.761763037475308824e-01 5.283707000907478246e-01 9.023999999999999799e-01 8.239999999999999547e-01
2.894448191387639091e-01 5.433229009301271395e-01 8.941999999999999948e-01 8.159999999999999476e-01
2.557785361503166488e-01 4.553234064263068648e-01 9.103999999999999870e-01 8.299999999999999600e-01
2.578576613601426537e-01 5.668692554467364975e-01 9.095999999999999641e-01 8.269999999999999574e-01
2.689077499127247584e-01 4.896404552960619827e-01 8.911999999999999922e-01 8.090000000000000524e-01
2.486477417254639444e-01 5.099565411831913364e-01 9.072000000000000064e-01 8.199999999999999512e-01
2.947077028245363439e-01 5.279841971249757959e-01 8.763999999999999568e-01 7.880000000000000338e-01
2.683715739422307678e-01 5.042843270969156189e-01 8.973999999999999755e-01 8.229999999999999538e-01
2.538193277180934015e-01 5.674552755962299910e-01 9.075999999999999623e-01 8.219999999999999529e-01
2.572763115438660986e-01 4.981005027121192530e-01 9.000000000000000222e-01 8.209999999999999520e-01
2.429028147689381023e-01 5.703376521413641154e-01 9.110000000000000320e-01 8.259999999999999565e-01
2.377176889455581699e-01 5.032289743346987088e-01 9.125999999999999668e-01 8.169999999999999485e-01
2.643533148359603069e-01 5.700622941937628640e-01 9.060000000000000275e-01 8.169999999999999485e-01
3.065819032080334683e-01 5.443049944227574821e-01 8.931999999999999940e-01 8.159999999999999476e-01
2.202213282723774757e-01 4.722153232369846187e-01 9.237999999999999545e-01 8.319999999999999618e-01
2.413116400544017826e-01 5.054246495639681536e-01 9.070000000000000284e-01 8.249999999999999556e-01
3.240775815074823929e-01 5.439754344021997534e-01 8.806000000000000494e-01 8.080000000000000515e-01
3.010265492033003532e-01 5.586451038479717246e-01 8.833999999999999631e-01 8.010000000000000453e-01
3.102848752380080177e-01 5.875344761526433146e-01 8.708000000000000185e-01 7.930000000000000382e-01
2.749744933684081794e-01 5.363122244294524776e-01 8.938000000000000389e-01 8.179999999999999494e-01
2.813290584238831160e-01 5.201054851235482612e-01 8.888000000000000345e-01 8.110000000000000542e-01
2.925222393283341549e-01 5.292037256073156559e-01 8.990000000000000213e-01 8.129999999999999449e-01
2.255076547903813733e-01 4.797340886190365472e-01 9.142000000000000126e-01 8.349999999999999645e-01
2.457084860054668807e-01 4.525629280355281114e-01 9.123999999999999888e-01 8.319999999999999618e-01
2.577143739237383047e-01 4.966793540911477178e-01 8.995999999999999552e-01 8.040000000000000480e-01
2.559957110954906301e-01 4.569662909405862172e-01 9.170000000000000373e-01 8.449999999999999734e-01
3.600621569446020298e-01 5.721343739627571257e-01 8.564000000000000501e-01 7.900000000000000355e-01
2.715579246737395147e-01 5.252749452448981504e-01 9.075999999999999623e-01 8.179999999999999494e-01
3.217749927588656744e-01 5.742880134810461890e-01 8.773999999999999577e-01 7.980000000000000426e-01
3.183098058017146403e-01 5.488835779366927348e-01 8.828000000000000291e-01 8.120000000000000551e-01
3.590283883488704086e-01 6.144495059235337564e-01 8.649999999999999911e-01 8.020000000000000462e-01
2.706584070814965215e-01 4.971694340608868168e-01 8.945999999999999508e-01 8.239999999999999547e-01
2.549031630843544005e-01 4.989552641472727035e-01 9.028000000000000469e-01 8.169999999999999485e-01
2.598764760242641692e-01 4.969990847779166554e-01 9.095999999999999641e-01 8.309999999999999609e-01
2.551397928537427751e-01 4.969641802090634108e-01 9.040000000000000258e-01 8.319999999999999618e-01
2.716361460078184908e-01 5.743936598877568134e-01 8.981999999999999984e-01 8.179999999999999494e-01
2.802591780840001934e-01 5.702347057919604500e-01 9.028000000000000469e-01 8.249999999999999556e-01
2.627625678017760924e-01 4.931304609985693310e-01 9.165999999999999703e-01 8.459999999999999742e-01
2.811344798681839063e-01 5.227975023378667041e-01 9.012000000000000011e-01 8.129999999999999449e-01
2.767915184109653870e-01 5.265117924576563357e-01 8.965999999999999526e-01 8.149999999999999467e-01
2.880769865772137561e-01 5.076478206126787684e-01 8.941999999999999948e-01 8.189999999999999503e-01
2.541125322969017275e-01 4.908609779354249358e-01 9.173999999999999932e-01 8.349999999999999645e-01
2.896805912333758060e-01 5.846302425761875643e-01 8.873999999999999666e-01 8.090000000000000524e-01
2.181164458542610707e-01 5.032476556831037007e-01 9.220000000000000417e-01 8.319999999999999618e-01
2.649965132720316641e-01 4.787009135825966433e-01 9.033999999999999808e-01 8.279999999999999583e-01
2.714540686631186084e-01 5.325478202881260836e-01 9.060000000000000275e-01 8.159999999999999476e-01
2.685971270344632011e-01 5.427278098006035334e-01 8.883999999999999675e-01 8.080000000000000515e-01
2.381236790618443677e-01 5.277294804241565718e-01 9.118000000000000549e-01 8.219999999999999529e-01
2.917782972060621316e-01 4.883956159451504631e-01 8.961999999999999966e-01 8.209999999999999520e-01
2.527355553317042203e-01 5.000411533273754205e-01 9.113999999999999879e-01 8.289999999999999591e-01
2.424578863650414529e-01 5.100474988667260678e-01 9.152000000000000135e-01 8.209999999999999520e-01
2.873943423916886508e-01 5.697252756808862673e-01 8.958000000000000407e-01 8.159999999999999476e-01
2.785237323747202232e-01 5.271187483291684961e-01 8.930000000000000160e-01 8.100000000000000533e-01
2.481719719369532284e-01 5.431879352858106635e-01 9.072000000000000064e-01 8.249999999999999556e-01
2.800939325021606918e-01 5.128681763996868481e-01 8.971999999999999975e-01 8.319999999999999618e-01
2.348263172066572257e-01 5.227845857009320030e-01 9.115999999999999659e-01 8.070000000000000506e-01
2.834880634774167296e-01 5.514258063756721784e-01 8.958000000000000407e-01 8.090000000000000524e-01
3.461322976420221909e-01 6.271411605537089429e-01 8.626000000000000334e-01 7.770000000000000240e-01
2.998408874912420474e-01 5.651234329240967247e-01 8.891999999999999904e-01 8.139999999999999458e-01
2.624236030782328144e-01 4.908305914602902886e-01 9.035999999999999588e-01 8.249999999999999556e-01
2.291985234081471423e-01 4.879635148330385142e-01 9.193999999999999950e-01 8.329999999999999627e-01
2.490489529230285326e-01 5.052323958744039389e-01 9.060000000000000275e-01 8.339999999999999636e-01
2.736077806582843386e-01 4.997026616686012224e-01 9.072000000000000064e-01 8.309999999999999609e-01
2.393095869403670251e-01 5.635141624519102166e-01 9.078000000000000513e-01 8.209999999999999520e-01
2.584657234435786544e-01 5.091080286434532809e-01 9.075999999999999623e-01 8.269999999999999574e-01
2.622852349290495932e-01 5.088986127606789367e-01 8.970000000000000195e-01 8.189999999999999503e-01
2.158544931629111374e-01 4.850579534153405259e-01 9.235999999999999766e-01 8.339999999999999636e-01
2.213087022480902666e-01 4.772255274277587000e-01 9.165999999999999703e-01 8.319999999999999618e-01
2.509450275666322283e-01 4.771909151459642340e-01 9.075999999999999623e-01 8.219999999999999529e-01
2.901590430227742323e-01 4.841413845968552954e-01 9.020000000000000240e-01 8.289999999999999591e-01
2.680679418180076934e-01 5.258837829287722476e-01 9.080000000000000293e-01 8.129999999999999449e-01
2.531185744507317148e-01 5.089703068090831728e-01 9.063999999999999835e-01 8.169999999999999485e-01
2.328495317991499114e-01 4.731467313388182938e-01 9.190000000000000391e-01 8.319999999999999618e-01
2.424748967180127557e-01 4.717000782117677371e-01 9.120000000000000329e-01 8.329999999999999627e-01
2.426802139622969701e-01 4.899397664418433385e-01 9.155999999999999694e-01 8.289999999999999591e-01
2.515253391472719313e-01 5.278641038367473115e-01 9.083999999999999853e-01 8.319999999999999618e-01
2.697059885459522355e-01 5.264416889504398567e-01 9.018000000000000460e-01 8.080000000000000515e-01
3.582686351556859106e-01 5.411276223449517087e-01 8.614000000000000545e-01 7.980000000000000426e-01
2.338392126741159205e-01 4.901611944247338259e-01 9.153999999999999915e-01 8.309999999999999609e-01
3.364032134092104775e-01 5.718585498242745313e-01 8.739999999999999991e-01 8.000000000000000444e-01
