6.530859457878783747e-01 7.377021416209114113e-01 7.580000000000000071e-01 7.309999999999999831e-01
6.680121385922197508e-01 7.432036437599202072e-01 7.349999999999999867e-01 7.119999999999999662e-01
5.544699324843093136e-01 6.356607254507885552e-01 8.052000000000000268e-01 7.740000000000000213e-01
4.693434794321381665e-01 5.599663596197781423e-01 8.406000000000000139e-01 8.050000000000000488e-01
4.411480351120899424e-01 5.559739560520280399e-01 8.352000000000000535e-01 7.950000000000000400e-01
4.192854792841693712e-01 5.171188177903364158e-01 8.578000000000000069e-01 8.129999999999999449e-01
4.715682832621352905e-01 5.833911554199091576e-01 8.306000000000000050e-01 7.910000000000000364e-01
3.829461053476321819e-01 5.470978968333701786e-01 8.541999999999999593e-01 8.020000000000000462e-01
4.260670827677006667e-01 5.385479590003258155e-01 8.344000000000000306e-01 8.040000000000000480e-01
3.402224100227718706e-01 4.993743047267549806e-01 8.709999999999999964e-01 8.129999999999999449e-01
3.835105942288912773e-01 5.318001148785339582e-01 8.551999999999999602e-01 8.139999999999999458e-01
3.706783899617434042e-01 5.642621778625590556e-01 8.576000000000000290e-01 8.050000000000000488e-01
4.830700101689485715e-01 6.325017060460998986e-01 8.239999999999999547e-01 7.810000000000000275e-01
4.152980625562537331e-01 6.001803936541798556e-01 8.409999999999999698e-01 7.920000000000000373e-01
4.266073235052248447e-01 5.873759287798189233e-01 8.294000000000000261e-01 7.880000000000000338e-01
3.322856617658269118e-01 5.024148323415333905e-01 8.780000000000000027e-01 8.149999999999999467e-01
3.511196188062100099e-01 4.814432667714759195e-01 8.693999999999999506e-01 8.289999999999999591e-01
3.462384363700957701e-01 5.557882748374048942e-01 8.736000000000000432e-01 8.100000000000000533e-01
2.922993028471575494e-01 4.604001641687101576e-01 8.975999999999999535e-01 8.289999999999999591e-01
3.472649999921031960e-01 5.052305946631119316e-01 8.760000000000000009e-01 8.070000000000000506e-01
3.040274340899352667e-01 4.822465765953946604e-01 8.883999999999999675e-01 8.249999999999999556e-01
3.351715395600937120e-01 5.684517581565744493e-01 8.701999999999999735e-01 8.040000000000000480e-01
2.909105132908158531e-01 4.491916691038571607e-01 8.895999999999999464e-01 8.299999999999999600e-01
2.917196226980001694e-01 4.823914351004966461e-01 8.853999999999999648e-01 8.239999999999999547e-01
3.676185050456599601e-01 6.114281283221445484e-01 8.686000000000000387e-01 8.070000000000000506e-01
3.743172108056234682e-01 5.854270008916095946e-01 8.579999999999999849e-01 7.990000000000000435e-01
3.269016499990566316e-01 4.930287469752456242e-01 8.791999999999999815e-01 8.229999999999999538e-01
3.190584710868890617e-01 5.841671475273003677e-01 8.773999999999999577e-01 8.030000000000000471e-01
3.394703011017350947e-01 5.294218000839889804e-01 8.736000000000000432e-01 8.080000000000000515e-01
2.642156796536198060e-01 4.936592070239217422e-01 9.013999999999999790e-01 8.279999999999999583e-01
3.039075135572165132e-01 5.574687559378644908e-01 8.880000000000000115e-01 8.199999999999999512e-01
3.421779121844215066e-01 5.596635907289341239e-01 8.786000000000000476e-01 8.100000000000000533e-01
2.392949239774524728e-01 4.434136549463120192e-01 9.098000000000000531e-01 8.389999999999999680e-01
3.446589541535058920e-01 5.719286140973601773e-01 8.589999999999999858e-01 8.010000000000000453e-01
3.662141695111885698e-01 5.901398409090709007e-01 8.639999999999999902e-01 8.030000000000000471e-01
2.903830371815830369e-01 5.127771429527786529e-01 8.883999999999999675e-01 8.110000000000000542e-01
2.549931667388652956e-01 4.715727092794181896e-01 9.015999999999999570e-01 8.279999999999999583e-01
3.317957309842047287e-01 5.260943923317188409e-01 8.659999999999999920e-01 8.000000000000000444e-01
2.853116397454007469e-01 4.816835360063622673e-01 8.821999999999999842e-01 8.110000000000000542e-01
2.514745352417250279e-01 4.587795248104991064e-01 9.050000000000000266e-01 8.279999999999999583e-01
3.334309165437943645e-01 6.252734411718194885e-01 8.783999999999999586e-01 8.010000000000000453e-01
3.399542994565656340e-01 5.380529024162690188e-01 8.618000000000000105e-01 8.090000000000000524e-01
2.968286911945657858e-01 5.532184764248725406e-01 8.911999999999999922e-01 7.990000000000000435e-01
2.565930404624265915e-01 4.729768450298539317e-01 9.103999999999999870e-01 8.379999999999999671e-01
2.571359259581160739e-01 5.012827770899022095e-01 9.060000000000000275e-01 8.309999999999999609e-01
2.865121272215193082e-01 5.579744958866015292e-01 8.971999999999999975e-01 8.100000000000000533e-01
2.589667121905490643e-01 4.784019755082380421e-01 9.005999999999999561e-01 8.219999999999999529e-01
2.520085560787422851e-01 4.857432964564319389e-01 9.058000000000000496e-01 8.189999999999999503e-01
2.585553346837847766e-01 4.894760843405027706e-01 9.008000000000000451e-01 8.269999999999999574e-01
2.357324166803937693e-01 4.849405333495098169e-01 9.142000000000000126e-01 8.279999999999999583e-01
2.654649778624226242e-01 5.266827447071493751e-01 9.030000000000000249e-01 8.229999999999999538e-01
2.174579296825215335e-01 5.155333809059584604e-01 9.165999999999999703e-01 8.319999999999999618e-01
2.748761732738652097e-01 4.906019928903556093e-01 8.995999999999999552e-01 8.159999999999999476e-01
4.057414142869580909e-01 6.035332916756644961e-01 8.506000000000000227e-01 7.980000000000000426e-01
2.587263385417841732e-01 5.076733710436917013e-01 9.043999999999999817e-01 8.319999999999999618e-01
2.939298529618570299e-01 4.904616821617998057e-01 8.850000000000000089e-01 8.259999999999999565e-01
2.542139243762321921e-01 4.680422214302524808e-01 9.060000000000000275e-01 8.339999999999999636e-01
2.639310491158144423e-01 5.899444364501348348e-01 8.998000000000000442e-01 7.990000000000000435e-01
3.337376508708794209e-01 5.192924427440549495e-01 8.611999999999999655e-01 8.020000000000000462e-01
2.426132865190996080e-01 4.763103078879096230e-01 9.080000000000000293e-01 8.279999999999999583e-01
3.317081070730319436e-01 5.788269514156728635e-01 8.796000000000000485e-01 8.239999999999999547e-01
2.750688749764458318e-01 5.141298186871494647e-01 8.981999999999999984e-01 8.090000000000000524e-01
2.578979841824419195e-01 4.932369076045967082e-01 9.002000000000000002e-01 8.299999999999999600e-01
2.399205643580482605e-01 4.950360801248770981e-01 9.082000000000000073e-01 8.329999999999999627e-01
2.657614192378077722e-01 5.015182467035677050e-01 8.950000000000000178e-01 8.239999999999999547e-01
2.848978032994672338e-01 5.301220683101921516e-01 8.890000000000000124e-01 8.269999999999999574e-01
3.232102153310804082e-01 5.542413927705577281e-01 8.871999999999999886e-01 8.199999999999999512e-01
2.887336135784888680e-01 5.162414302069593397e-01 8.800000000000000044e-01 8.269999999999999574e-01
2.492363399229707288e-01 4.991772414949961489e-01 9.100000000000000311e-01 8.309999999999999609e-01
2.400733056056048031e-01 4.750458222788065399e-01 9.102000000000000091e-01 8.289999999999999591e-01
2.746971627892889067e-01 4.776648031198626465e-01 8.965999999999999526e-01 8.189999999999999503e-01
2.679812676505267666e-01 4.899120785473103368e-01 8.928000000000000380e-01 8.189999999999999503e-01
2.302593312081526178e-01 5.013802182051276812e-01 9.127999999999999448e-01 8.259999999999999565e-01
2.312268792621666735e-01 4.463088478553700056e-01 9.200000000000000400e-01 8.389999999999999680e-01
2.531738810218908120e-01 5.086226085139655684e-01 8.988000000000000433e-01 8.239999999999999547e-01
2.501392068392502277e-01 4.955751211586964522e-01 9.122000000000000108e-01 8.329999999999999627e-01
2.940988301808685201e-01 5.257877021624246527e-01 8.873999999999999666e-01 8.139999999999999458e-01
3.138257729179283473e-01 5.199443655565330058e-01 8.931999999999999940e-01 8.129999999999999449e-01
2.690112240522328779e-01 4.906898988854736521e-01 8.970000000000000195e-01 8.269999999999999574e-01
3.119687429202503415e-01 5.732210392707332014e-01 8.746000000000000441e-01 8.070000000000000506e-01
2.527674950934962195e-01 4.818077100965632575e-01 9.098000000000000531e-01 8.289999999999999591e-01
2.780146369118478011e-01 5.094304335499938441e-01 9.008000000000000451e-01 8.279999999999999583e-01
2.418202827841617331e-01 4.663646509101006532e-01 9.137999999999999456e-01 8.319999999999999618e-01
2.576396968774151142e-01 4.927481234519480169e-01 9.072000000000000064e-01 8.269999999999999574e-01
2.819128654462121908e-01 6.102748146073739832e-01 9.022000000000000020e-01 8.179999999999999494e-01
2.384139664504545120e-01 4.761061314413922996e-01 9.070000000000000284e-01 8.199999999999999512e-01
2.156304070480793700e-01 4.460453735721135460e-01 9.227999999999999536e-01 8.349999999999999645e-01
2.559999268277218243e-01 5.472873895896135377e-01 8.995999999999999552e-01 8.319999999999999618e-01
2.911182101477425843e-01 5.400980550626304222e-01 8.911999999999999922e-01 8.090000000000000524e-01
2.965957417424339160e-01 4.984977190876564990e-01 8.925999999999999490e-01 8.149999999999999467e-01
3.059524358987720793e-01 5.779711153552433700e-01 8.828000000000000291e-01 8.080000000000000515e-01
2.487443170438372042e-01 5.068682706752333234e-01 9.030000000000000249e-01 8.139999999999999458e-01
2.280058920957826474e-01 4.938365695793133781e-01 9.153999999999999915e-01 8.299999999999999600e-01
2.604505483120580500e-01 5.082688592071739064e-01 9.147999999999999465e-01 8.309999999999999609e-01
2.964324727117037539e-01 5.862608461000827775e-01 8.905999999999999472e-01 8.179999999999999494e-01
2.786273876817644823e-01 4.548971345679472811e-01 9.030000000000000249e-01 8.329999999999999627e-01
2.273639622229178814e-01 4.682390609784730651e-01 9.212000000000000188e-01 8.359999999999999654e-01
2.433033768011822751e-01 5.515915475848914840e-01 9.062000000000000055e-01 8.239999999999999547e-01
2.615306644980280315e-01 5.042947514222807515e-01 9.070000000000000284e-01 8.219999999999999529e-01
2.445049138100227892e-01 5.078829049700832599e-01 9.065999999999999615e-01 8.299999999999999600e-01
2.931047104539037385e-01 5.861574389253620954e-01 8.885999999999999455e-01 8.090000000000000524e-01
2.185906347840460007e-01 5.067736122722258374e-01 9.223999999999999977e-01 8.409999999999999698e-01
2.592457945164856059e-01 5.154002165678609471e-01 8.970000000000000195e-01 8.179999999999999494e-01
3.084428180736908387e-01 5.086432785243115706e-01 8.743999999999999551e-01 8.040000000000000480e-01
2.583459742535318404e-01 5.229536887621952790e-01 9.042000000000000037e-01 8.149999999999999467e-01
2.500984696024740606e-01 5.112844122396921209e-01 9.040000000000000258e-01 8.279999999999999583e-01
2.291840552482811155e-01 5.803366149696005394e-01 9.163999999999999924e-01 8.199999999999999512e-01
2.371773949187119812e-01 4.865871903622405181e-01 9.165999999999999703e-01 8.249999999999999556e-01
2.294617097657294935e-01 4.951868365804040217e-01 9.183999999999999941e-01 8.269999999999999574e-01
2.376853803962956924e-01 4.970883819321851860e-01 9.175999999999999712e-01 8.259999999999999565e-01
2.372993399149634641e-01 5.701423346681333548e-01 9.153999999999999915e-01 8.249999999999999556e-01
2.327040108824031395e-01 5.121571754444609326e-01 9.093999999999999861e-01 8.379999999999999671e-01
2.381794524513030087e-01 5.381326835323168023e-01 9.147999999999999465e-01 8.189999999999999503e-01
2.600336146481452837e-01 5.054683663084141854e-01 8.998000000000000442e-01 8.279999999999999583e-01
2.241631922923451314e-01 5.143673561539242600e-01 9.153999999999999915e-01 8.279999999999999583e-01
2.117200299466924784e-01 4.830959420205174215e-01 9.243999999999999995e-01 8.399999999999999689e-01
2.404431330067192119e-01 4.856774142831882246e-01 9.210000000000000409e-01 8.319999999999999618e-01
2.051722945177638369e-01 5.201918723669939348e-01 9.274000000000000021e-01 8.399999999999999689e-01
3.086267914092532538e-01 6.208961628344509265e-01 8.901999999999999913e-01 8.159999999999999476e-01
3.087036902366235291e-01 6.117214214599844269e-01 8.850000000000000089e-01 8.110000000000000542e-01
2.403376958816838826e-01 5.206842542098039095e-01 9.123999999999999888e-01 8.159999999999999476e-01
2.490611282048643127e-01 4.835934272506863252e-01 9.090000000000000302e-01 8.379999999999999671e-01
2.483591726417320456e-01 5.362146182440833408e-01 9.145999999999999686e-01 8.319999999999999618e-01
2.727216996997309795e-01 6.027865451780931583e-01 9.002000000000000002e-01 8.120000000000000551e-01
2.374611272687564001e-01 4.723462547192822103e-01 9.083999999999999853e-01 8.489999999999999769e-01
2.322226291246910490e-01 5.303078252244532997e-01 9.115999999999999659e-01 8.219999999999999529e-01
2.604163909043441527e-01 6.116101484345022321e-01 9.110000000000000320e-01 8.179999999999999494e-01
2.337712106269345114e-01 4.937456769612742491e-01 9.130000000000000338e-01 8.309999999999999609e-01
2.089349480261522840e-01 4.767937790322405167e-01 9.252000000000000224e-01 8.289999999999999591e-01
2.399103072799855796e-01 4.994358236247347649e-01 9.103999999999999870e-01 8.189999999999999503e-01
2.384569439197331553e-01 5.445393070577114747e-01 9.108000000000000540e-01 8.169999999999999485e-01
2.608551557557932665e-01 5.409782103034366241e-01 9.008000000000000451e-01 8.080000000000000515e-01
2.655783666249781350e-01 5.907691695450362213e-01 9.018000000000000460e-01 8.159999999999999476e-01
2.673131976198617199e-01 4.989610645699212865e-01 9.025999999999999579e-01 8.279999999999999583e-01
2.467206870284726905e-01 4.881627578977301152e-01 9.098000000000000531e-01 8.309999999999999609e-01
2.856502268821112245e-01 4.938118816590065241e-01 8.970000000000000195e-01 8.179999999999999494e-01
2.765738801040437678e-01 4.907759747045071785e-01 8.945999999999999508e-01 8.259999999999999565e-01
2.364476383963642625e-01 4.998376545051926301e-01 9.165999999999999703e-01 8.249999999999999556e-01
3.071158735948912866e-01 5.817668307807616346e-01 8.811999999999999833e-01 7.980000000000000426e-01
2.868173055492083123e-01 6.025507741145225138e-01 8.921999999999999931e-01 8.149999999999999467e-01
2.960066772880007857e-01 5.451216373688103634e-01 8.931999999999999940e-01 8.159999999999999476e-01
2.531727258176437179e-01 4.913160435972281359e-01 9.122000000000000108e-01 8.249999999999999556e-01
3.067491629205086334e-01 6.012875151185055334e-01 8.851999999999999869e-01 8.219999999999999529e-01
2.678548798820422627e-01 5.317883187523446686e-01 8.990000000000000213e-01 8.100000000000000533e-01
3.002085196157765479e-01 5.561925905895966915e-01 8.911999999999999922e-01 8.050000000000000488e-01
2.215348094086825315e-01 4.916488973352787228e-01 9.215999999999999748e-01 8.289999999999999591e-01
2.462779903409115789e-01 4.909858159859812887e-01 9.095999999999999641e-01 8.159999999999999476e-01
2.198923024077517885e-01 4.971566733189088372e-01 9.153999999999999915e-01 8.319999999999999618e-01
2.688417390310777755e-01 5.447122149650890366e-01 8.970000000000000195e-01 8.209999999999999520e-01
1.970570321309746131e-01 4.484055732044478493e-01 9.284000000000000030e-01 8.439999999999999725e-01
2.332317729443907361e-01 5.308460713826288480e-01 9.110000000000000320e-01 8.149999999999999467e-01
2.573909612353471044e-01 5.126299245391735537e-01 9.058000000000000496e-01 8.229999999999999538e-01
2.760891913828975031e-01 5.294301859614801709e-01 8.973999999999999755e-01 8.100000000000000533e-01
2.715814027498210659e-01 5.046373564479149643e-01 8.930000000000000160e-01 8.149999999999999467e-01
2.950583507396544736e-01 5.916222820458200138e-01 8.900000000000000133e-01 8.040000000000000480e-01
2.523104124814914417e-01 4.866721710175004878e-01 9.013999999999999790e-01 8.239999999999999547e-01
2.514664005045038064e-01 5.286080614743223771e-01 9.013999999999999790e-01 8.229999999999999538e-01
2.193566099103392841e-01 5.091329137849610609e-01 9.282000000000000250e-01 8.339999999999999636e-01
2.565856890060957962e-01 5.769643952602194759e-01 9.063999999999999835e-01 8.149999999999999467e-01
2.361767055240115432e-01 4.534160336984044970e-01 9.162000000000000144e-01 8.299999999999999600e-01
2.149111120334030733e-01 4.901064010248158409e-01 9.225999999999999757e-01 8.239999999999999547e-01
2.901399581194827326e-01 6.154054830235539120e-01 8.978000000000000425e-01 8.179999999999999494e-01
2.241575704062364338e-01 5.420892923617581793e-01 9.203999999999999959e-01 8.359999999999999654e-01
2.304216871968342295e-01 4.302162053244005246e-01 9.118000000000000549e-01 8.399999999999999689e-01
2.245588992872235290e-01 5.040593688353611768e-01 9.110000000000000320e-01 8.339999999999999636e-01
2.065521731625070412e-01 5.463310772996488041e-01 9.227999999999999536e-01 8.259999999999999565e-01
2.395655911948810224e-01 4.701172839476760457e-01 9.110000000000000320e-01 8.219999999999999529e-01
2.547906648613259550e-01 4.774940738517534644e-01 9.125999999999999668e-01 8.339999999999999636e-01
2.452576568434212678e-01 5.083212244550441294e-01 9.100000000000000311e-01 8.309999999999999609e-01
2.915373297037757716e-01 5.746418013012073445e-01 8.953999999999999737e-01 8.120000000000000551e-01
2.387385240877893111e-01 5.181963026566915875e-01 9.123999999999999888e-01 8.319999999999999618e-01
2.315093686473403967e-01 4.585131759352647496e-01 9.185999999999999721e-01 8.279999999999999583e-01
2.671278948690196664e-01 5.308777132357682671e-01 9.055999999999999606e-01 8.159999999999999476e-01
2.588717963547111367e-01 5.217394658002351138e-01 9.015999999999999570e-01 8.239999999999999547e-01
2.120063709244056627e-01 4.920640989285379741e-01 9.243999999999999995e-01 8.289999999999999591e-01
2.213255699929023157e-01 4.880455507913393776e-01 9.217999999999999527e-01 8.329999999999999627e-01
2.330082864061981118e-01 5.016398884703994199e-01 9.140000000000000346e-01 8.249999999999999556e-01
2.551184456915307486e-01 5.281914811725243464e-01 9.030000000000000249e-01 8.139999999999999458e-01
2.808768440594809346e-01 5.593380800465624914e-01 9.018000000000000460e-01 8.329999999999999627e-01
2.582982195190675068e-01 5.225434969047467737e-01 9.063999999999999835e-01 8.309999999999999609e-01
2.976528756855978952e-01 6.005217317946940359e-01 8.843999999999999639e-01 8.070000000000000506e-01
2.131964507758319916e-01 4.931053165029447016e-01 9.163999999999999924e-01 8.349999999999999645e-01
2.436350996594343621e-01 5.057507076095919540e-01 9.167999999999999483e-01 8.339999999999999636e-01
2.748994873890961421e-01 5.571597697584627085e-01 9.020000000000000240e-01 8.159999999999999476e-01
2.555360375823376717e-01 5.878899452768896472e-01 9.063999999999999835e-01 8.179999999999999494e-01
2.388372087682652800e-01 4.965105987590734404e-01 9.223999999999999977e-01 8.269999999999999574e-01
2.370928062044545259e-01 5.029813454157926467e-01 9.123999999999999888e-01 8.219999999999999529e-01
2.819276554018822489e-01 5.008934871802426247e-01 8.983999999999999764e-01 8.289999999999999591e-01
2.510257109623663108e-01 5.170219704350149659e-01 9.053999999999999826e-01 8.369999999999999662e-01
2.350391580349088516e-01 4.918157554948591192e-01 9.062000000000000055e-01 8.269999999999999574e-01
2.942281642415668919e-01 5.209852955845857281e-01 8.838000000000000300e-01 8.219999999999999529e-01
2.369016813618662065e-01 4.739052385913672394e-01 9.190000000000000391e-01 8.389999999999999680e-01
2.262891494637499501e-01 5.000538558058287286e-01 9.063999999999999835e-01 8.159999999999999476e-01
2.167168711486446298e-01 5.374657388183498030e-01 9.185999999999999721e-01 8.219999999999999529e-01
3.068939732707143819e-01 5.329327331866541284e-01 8.708000000000000185e-01 8.010000000000000453e-01
2.971257431940873550e-01 5.925341872976370716e-01 8.729999999999999982e-01 8.020000000000000462e-01
2.773168436121641323e-01 5.102533564778066744e-01 8.890000000000000124e-01 8.219999999999999529e-01
2.452125740538765586e-01 5.019575200941880366e-01 9.120000000000000329e-01 8.120000000000000551e-01
2.304681918600704205e-01 5.321789842647657309e-01 9.150000000000000355e-01 8.239999999999999547e-01
2.626883742543030809e-01 5.033137546866564005e-01 9.010000000000000231e-01 8.179999999999999494e-01
2.590393542493154011e-01 5.689967376025915069e-01 9.055999999999999606e-01 8.249999999999999556e-01
2.812335271469630915e-01 5.586653512537068655e-01 8.995999999999999552e-01 8.000000000000000444e-01
2.611144062291304579e-01 5.226484379135826197e-01 9.043999999999999817e-01 8.159999999999999476e-01
2.695990056491268105e-01 5.518540156150213427e-01 9.030000000000000249e-01 8.159999999999999476e-01
2.595754309545797445e-01 5.074650215324971736e-01 8.993999999999999773e-01 8.279999999999999583e-01
2.513596684350986599e-01 4.570018933695839669e-01 9.142000000000000126e-01 8.219999999999999529e-01
2.462854372712399709e-01 4.744724729306202815e-01 9.200000000000000400e-01 8.299999999999999600e-01
2.241973519603223386e-01 4.756887030440489217e-01 9.250000000000000444e-01 8.429999999999999716e-01
2.331536433556806454e-01 5.098333523176238335e-01 9.085999999999999632e-01 8.139999999999999458e-01
2.551832849596278319e-01 4.996322309534518835e-01 9.142000000000000126e-01 8.219999999999999529e-01
2.662266597028549731e-01 6.015773364031747894e-01 8.911999999999999922e-01 8.040000000000000480e-01
2.347421722785336951e-01 4.850998199227724572e-01 9.200000000000000400e-01 8.279999999999999583e-01
2.246122100710035707e-01 5.847754210337663405e-01 9.170000000000000373e-01 8.309999999999999609e-01
2.439769418047847416e-01 5.519144809904540372e-01 9.042000000000000037e-01 8.189999999999999503e-01
2.706775730445121764e-01 5.462771100817930270e-01 8.968000000000000416e-01 8.179999999999999494e-01
2.273980350038386777e-01 5.226883202556927843e-01 9.183999999999999941e-01 8.189999999999999503e-01
2.404222540445755951e-01 5.196521147586351530e-01 9.133999999999999897e-01 8.229999999999999538e-01
2.458094474944990393e-01 5.821567465707874200e-01 9.023999999999999799e-01 8.090000000000000524e-01
2.126999587371274092e-01 4.843538674206190886e-01 9.247999999999999554e-01 8.299999999999999600e-01
2.264252688261251811e-01 5.063064632224094641e-01 9.182000000000000162e-01 8.199999999999999512e-01
2.360923173773206152e-01 5.476530388906524216e-01 9.112000000000000099e-01 8.189999999999999503e-01
2.060988545787720283e-01 4.736216187262169419e-01 9.310000000000000497e-01 8.449999999999999734e-01
2.766728537783953445e-01 5.793100240181010552e-01 8.940000000000000169e-01 7.970000000000000417e-01
2.461034900045642737e-01 4.977751652168904140e-01 9.008000000000000451e-01 8.309999999999999609e-01
2.290777015714942078e-01 5.490456477454022099e-01 9.035999999999999588e-01 8.159999999999999476e-01
1.850959393831001221e-01 5.098542504004003328e-01 9.314000000000000057e-01 8.409999999999999698e-01
2.699111909098815265e-01 5.467050564478238561e-01 9.053999999999999826e-01 8.030000000000000471e-01
2.028756791145207572e-01 4.916501231925486382e-01 9.222000000000000197e-01 8.399999999999999689e-01
2.164283417917627905e-01 5.420830687700846084e-01 9.183999999999999941e-01 8.169999999999999485e-01
2.073798372556238112e-01 4.665000799315836000e-01 9.227999999999999536e-01 8.389999999999999680e-01
2.808127604484678130e-01 5.437984332736129911e-01 8.930000000000000160e-01 8.189999999999999503e-01
2.313201929104861387e-01 4.558088782109294690e-01 9.230000000000000426e-01 8.379999999999999671e-01
2.271535555060369138e-01 5.634454345455515156e-01 9.257999999999999563e-01 8.179999999999999494e-01
2.310108967304302097e-01 5.170746008911187852e-01 9.115999999999999659e-01 8.299999999999999600e-01
2.274265472999239535e-01 5.462227763024646299e-01 9.180000000000000382e-01 8.339999999999999636e-01
2.180256552802423420e-01 4.673842406432547891e-01 9.292000000000000259e-01 8.289999999999999591e-01
2.324630765478777894e-01 5.289285745296247176e-01 9.180000000000000382e-01 8.249999999999999556e-01
2.206215381974620804e-01 4.914412787421437723e-01 9.187999999999999501e-01 8.259999999999999565e-01
2.840940102741921214e-01 5.755538980884187250e-01 8.933999999999999719e-01 8.090000000000000524e-01
2.094034452681544367e-01 4.722624246961630856e-01 9.242000000000000215e-01 8.279999999999999583e-01
2.451541737999167747e-01 5.102047095141160060e-01 9.143999999999999906e-01 8.229999999999999538e-01
2.105299911935138990e-01 5.103482046803562433e-01 9.243999999999999995e-01 8.289999999999999591e-01
2.235449114771023149e-01 5.109028899557680470e-01 9.132000000000000117e-01 8.259999999999999565e-01
2.127361482169896623e-01 5.406549200075267958e-01 9.240000000000000435e-01 8.229999999999999538e-01
2.010474393980974939e-01 5.300128559085223179e-01 9.292000000000000259e-01 8.349999999999999645e-01
2.713619315407632682e-01 5.351571392211531553e-01 8.948000000000000398e-01 8.100000000000000533e-01
2.759566742435797804e-01 5.451249255000726324e-01 8.958000000000000407e-01 8.149999999999999467e-01
2.519983995063164728e-01 4.768627029960803565e-01 9.020000000000000240e-01 8.209999999999999520e-01
2.549600628309428019e-01 5.288391063109086909e-01 9.070000000000000284e-01 8.189999999999999503e-01
2.172699475977473427e-01 4.725677297920122255e-01 9.247999999999999554e-01 8.409999999999999698e-01
2.510752153506742856e-01 5.825812297164181253e-01 9.048000000000000487e-01 8.129999999999999449e-01
1.959883800517646657e-01 4.938743840014155340e-01 9.310000000000000497e-01 8.339999999999999636e-01
2.432520553927561557e-01 5.546246765918763089e-01 9.058000000000000496e-01 8.239999999999999547e-01
2.445222426299342167e-01 5.827833170167648902e-01 9.065999999999999615e-01 8.229999999999999538e-01
2.311626148021433402e-01 5.437180090073341354e-01 9.123999999999999888e-01 8.209999999999999520e-01
2.964862585910575943e-01 5.344472187558710896e-01 8.900000000000000133e-01 8.239999999999999547e-01
2.205637977843085407e-01 5.378499138123896683e-01 9.200000000000000400e-01 8.249999999999999556e-01
2.544318580638705307e-01 5.122892475893731090e-01 9.055999999999999606e-01 8.309999999999999609e-01
2.352859304004392416e-01 5.037638298622990618e-01 9.122000000000000108e-01 8.309999999999999609e-01
2.283797210585893356e-01 5.114723318761487114e-01 9.193999999999999950e-01 8.319999999999999618e-01
2.034529709461971314e-01 5.062285896660739803e-01 9.217999999999999527e-01 8.409999999999999698e-01
2.413253083028600032e-01 4.930650807433826222e-01 9.177999999999999492e-01 8.309999999999999609e-01
2.204718404518508090e-01 5.268947554712528625e-01 9.255999999999999783e-01 8.279999999999999583e-01
2.546014037588815726e-01 5.111540082773223803e-01 9.002000000000000002e-01 8.349999999999999645e-01
2.482309806034795618e-01 5.038530748558656125e-01 9.073999999999999844e-01 8.419999999999999707e-01
2.286747772752523722e-01 5.144390816045847359e-01 9.167999999999999483e-01 8.279999999999999583e-01
3.539427037138270782e-01 6.514225157521873477e-01 8.689999999999999947e-01 7.840000000000000302e-01
2.631405981146525130e-01 5.459792886117922350e-01 9.013999999999999790e-01 8.139999999999999458e-01
2.305035043067940881e-01 5.145653636950007215e-01 9.163999999999999924e-01 8.299999999999999600e-01
2.295051542049442173e-01 4.876352498669675462e-01 9.180000000000000382e-01 8.279999999999999583e-01
2.640560891680863165e-01 5.428361650445067133e-01 9.083999999999999853e-01 8.169999999999999485e-01
2.524513243986205024e-01 5.621180472420176377e-01 9.100000000000000311e-01 8.149999999999999467e-01
2.139811789770583450e-01 5.256959996128800494e-01 9.252000000000000224e-01 8.309999999999999609e-01
2.253870545355197430e-01 4.915484937979245905e-01 9.175999999999999712e-01 8.439999999999999725e-01
2.509652792356962814e-01 5.042272417928418404e-01 9.030000000000000249e-01 8.169999999999999485e-01
2.506856057994122366e-01 5.112699156386690813e-01 9.075999999999999623e-01 8.269999999999999574e-01
2.345781531932051300e-01 4.687616374695976473e-01 9.172000000000000153e-01 8.299999999999999600e-01
2.118939716965934084e-01 5.083536633504991409e-01 9.200000000000000400e-01 8.309999999999999609e-01
2.204805532038506544e-01 4.615126063363979014e-01 9.227999999999999536e-01 8.369999999999999662e-01
2.047174164806931651e-01 4.905649634804709613e-01 9.260000000000000453e-01 8.339999999999999636e-01
2.238746417649994380e-01 4.943140355645918582e-01 9.170000000000000373e-01 8.339999999999999636e-01
2.282438174385119090e-01 4.967425618073286753e-01 9.130000000000000338e-01 8.229999999999999538e-01
2.445918055503057409e-01 4.963709257101504568e-01 9.200000000000000400e-01 8.219999999999999529e-01
2.217465920613268249e-01 5.064172466642290482e-01 9.252000000000000224e-01 8.299999999999999600e-01
1.927591401588237274e-01 4.547000212893359539e-01 9.362000000000000322e-01 8.429999999999999716e-01
2.661710041127666182e-01 5.310502529531281324e-01 9.023999999999999799e-01 8.070000000000000506e-01
2.041358066073711008e-01 5.005612805576221680e-01 9.222000000000000197e-01 8.359999999999999654e-01
1.925065673974184488e-01 5.030903238702461033e-01 9.284000000000000030e-01 8.379999999999999671e-01
2.754143255588923922e-01 5.211461427510621913e-01 8.951999999999999957e-01 8.189999999999999503e-01
2.519147902536223449e-01 5.149580780103460986e-01 9.118000000000000549e-01 8.199999999999999512e-01
2.890938301607771099e-01 5.009818936503145359e-01 9.115999999999999659e-01 8.289999999999999591e-01
2.528542413484833329e-01 5.412730605745185164e-01 9.102000000000000091e-01 8.120000000000000551e-01
2.805689379737246747e-01 5.875238008385796906e-01 8.951999999999999957e-01 8.189999999999999503e-01
2.277698561274557609e-01 5.303549422276189196e-01 9.157999999999999474e-01 8.229999999999999538e-01
2.318089316671566869e-01 5.421310111209542981e-01 9.093999999999999861e-01 8.199999999999999512e-01
2.720205132827177019e-01 5.410432348439883077e-01 8.953999999999999737e-01 8.129999999999999449e-01
2.619930256261600587e-01 5.726579773806362850e-01 9.013999999999999790e-01 8.159999999999999476e-01
2.259312782316695578e-01 5.030612969351276886e-01 9.167999999999999483e-01 8.299999999999999600e-01
2.275285867860696309e-01 5.125750798771742112e-01 9.175999999999999712e-01 8.359999999999999654e-01
2.695101501315035342e-01 5.550043527440005064e-01 9.020000000000000240e-01 8.229999999999999538e-01
2.458890940009822723e-01 5.338417654310906313e-01 9.120000000000000329e-01 8.189999999999999503e-01
2.439537790903545944e-01 5.085999394133705609e-01 9.045999999999999597e-01 8.199999999999999512e-01
2.658166863355829190e-01 5.092585930722176579e-01 9.038000000000000478e-01 8.229999999999999538e-01
3.324359211780869572e-01 5.530600839939606717e-01 8.708000000000000185e-01 7.950000000000000400e-01
2.662462434322123705e-01 4.945099958040416466e-01 9.082000000000000073e-01 8.219999999999999529e-01
2.469771315596787642e-01 5.298490500676310555e-01 9.058000000000000496e-01 8.249999999999999556e-01
2.724892692448166454e-01 4.717433989189137589e-01 9.020000000000000240e-01 8.289999999999999591e-01
2.470733973901134140e-01 5.168295883224494069e-01 9.050000000000000266e-01 8.279999999999999583e-01
2.965881955916400137e-01 4.899466655809784910e-01 8.931999999999999940e-01 8.249999999999999556e-01
2.680375119760730618e-01 5.110829635086392431e-01 9.003999999999999782e-01 8.179999999999999494e-01
2.352956438610862844e-01 5.126263508641646371e-01 9.052000000000000046e-01 8.199999999999999512e-01
2.618473339802001587e-01 4.963820820369540532e-01 9.085999999999999632e-01 8.249999999999999556e-01
2.459896616513209677e-01 4.792727949600246173e-01 9.167999999999999483e-01 8.339999999999999636e-01
2.558649209313628714e-01 5.336244346528199456e-01 9.092000000000000082e-01 8.239999999999999547e-01
2.496621334132803072e-01 5.042473939572531538e-01 9.105999999999999650e-01 8.149999999999999467e-01
2.650024125181525969e-01 4.770681262434348091e-01 9.053999999999999826e-01 8.219999999999999529e-01
3.304967122808868396e-01 5.821530346447073567e-01 8.873999999999999666e-01 8.110000000000000542e-01
2.861016004747437558e-01 4.866126485883523478e-01 8.950000000000000178e-01 8.249999999999999556e-01
2.725314082986438069e-01 4.954666809017842510e-01 8.961999999999999966e-01 8.249999999999999556e-01
2.796000461212378996e-01 5.066794978420358087e-01 9.033999999999999808e-01 8.159999999999999476e-01
3.001147546892665718e-01 5.438406971928499978e-01 8.948000000000000398e-01 8.169999999999999485e-01
3.349699118518715268e-01 5.933902691257519901e-01 8.738000000000000211e-01 7.900000000000000355e-01
2.602080935602146261e-01 4.765292490393155944e-01 9.063999999999999835e-01 8.329999999999999627e-01
2.711276550241816241e-01 5.146327553241166752e-01 8.928000000000000380e-01 8.050000000000000488e-01
2.925818469382234777e-01 5.025619522759914304e-01 8.918000000000000371e-01 8.179999999999999494e-01
2.620795766090637802e-01 4.728531577711566070e-01 8.985999999999999543e-01 8.199999999999999512e-01
2.498257226094054984e-01 5.159658383099358092e-01 9.092000000000000082e-01 8.219999999999999529e-01
2.937079041566152959e-01 5.185470018224195288e-01 8.961999999999999966e-01 8.269999999999999574e-01
2.654945237334796482e-01 4.919339633403870260e-01 9.115999999999999659e-01 8.279999999999999583e-01
2.898816130144994396e-01 5.731784987886305860e-01 8.968000000000000416e-01 8.139999999999999458e-01
2.090261230730632580e-01 4.959088346918709145e-01 9.252000000000000224e-01 8.369999999999999662e-01
2.751809221654093474e-01 4.661515263520554786e-01 9.035999999999999588e-01 8.229999999999999538e-01
2.506835340687874614e-01 5.560560817902929776e-01 9.105999999999999650e-01 8.299999999999999600e-01
2.245575445334760945e-01 5.058678246950421009e-01 9.160000000000000364e-01 8.259999999999999565e-01
2.534516541594101224e-01 5.437588974597548086e-01 9.088000000000000522e-01 8.229999999999999538e-01
2.569055055540537813e-01 5.620195412090067677e-01 9.038000000000000478e-01 8.239999999999999547e-01
2.555022583362860367e-01 5.465412592611995635e-01 9.130000000000000338e-01 8.219999999999999529e-01
2.964916485987950101e-01 5.961337498418515235e-01 8.933999999999999719e-01 8.169999999999999485e-01
2.241705635712868683e-01 4.864050489215691053e-01 9.160000000000000364e-01 8.329999999999999627e-01
2.271319705457631732e-01 4.979784550399177778e-01 9.185999999999999721e-01 8.219999999999999529e-01
2.956999896985897380e-01 5.386165799227587980e-01 8.840000000000000080e-01 8.080000000000000515e-01
2.444709771640252161e-01 4.987211490776192746e-01 9.105999999999999650e-01 8.269999999999999574e-01
2.836007116267723061e-01 5.042146184751842286e-01 8.938000000000000389e-01 8.269999999999999574e-01
3.117871819963489721e-01 5.424797088352977248e-01 8.911999999999999922e-01 8.129999999999999449e-01
2.905847129238498527e-01 5.047385531910019152e-01 8.905999999999999472e-01 8.169999999999999485e-01
2.950177437471520059e-01 5.030166443949384281e-01 8.846000000000000529e-01 8.050000000000000488e-01
2.473686228695806677e-01 4.964681884287837632e-01 9.195999999999999730e-01 8.209999999999999520e-01
2.662842839453248289e-01 5.253675356592487633e-01 9.102000000000000091e-01 8.139999999999999458e-01
3.593144496248366626e-01 7.394166976991553009e-01 8.830000000000000071e-01 8.050000000000000488e-01
2.349453893420101469e-01 4.862865262986724169e-01 9.190000000000000391e-01 8.269999999999999574e-01
2.791100594700134940e-01 5.037465077618095144e-01 9.083999999999999853e-01 8.189999999999999503e-01
2.608801318058892593e-01 5.242328018158067815e-01 9.005999999999999561e-01 8.120000000000000551e-01
2.522327232642737060e-01 4.866683764921974631e-01 9.035999999999999588e-01 8.229999999999999538e-01
2.655504790231802970e-01 4.705166840463507194e-01 9.090000000000000302e-01 8.319999999999999618e-01
3.378091911873538078e-01 5.464118543442039178e-01 8.643999999999999462e-01 7.990000000000000435e-01
3.358453059496080972e-01 6.316274765133635949e-01 8.753999999999999559e-01 7.920000000000000373e-01
2.569962072947795662e-01 5.493504533463813289e-01 9.032000000000000028e-01 8.159999999999999476e-01
3.127363540144432741e-01 6.209045573858875677e-01 8.913999999999999702e-01 7.950000000000000400e-01
2.633487044126214816e-01 5.037283370881125988e-01 9.085999999999999632e-01 8.269999999999999574e-01
2.565452507199558752e-01 4.725398346737542665e-01 9.085999999999999632e-01 8.259999999999999565e-01
2.602324238976861936e-01 5.105112928557964391e-01 9.032000000000000028e-01 8.209999999999999520e-01
2.717419485068785501e-01 4.832330075454208673e-01 9.025999999999999579e-01 8.229999999999999538e-01
2.696016316548873748e-01 5.498689002744481247e-01 8.965999999999999526e-01 8.349999999999999645e-01
2.851897886709197083e-01 5.061760577689039531e-01 8.843999999999999639e-01 8.149999999999999467e-01
2.969297481674725292e-01 5.622361972220626392e-01 8.943999999999999728e-01 8.139999999999999458e-01
2.437446812712765754e-01 5.267807370992986238e-01 9.112000000000000099e-01 8.299999999999999600e-01
3.012143819043656690e-01 5.563283558668551398e-01 8.846000000000000529e-01 8.110000000000000542e-01
2.517844970008369376e-01 5.139548945675835867e-01 9.082000000000000073e-01 8.279999999999999583e-01
2.717639501493759879e-01 5.172135574782632528e-01 8.853999999999999648e-01 8.159999999999999476e-01
2.365453766239904443e-01 4.802040935507169706e-01 9.145999999999999686e-01 8.379999999999999671e-01
2.500914662238261643e-01 5.277626214005290972e-01 9.050000000000000266e-01 8.139999999999999458e-01
2.826246523611577466e-01 5.113707028509427710e-01 9.032000000000000028e-01 8.269999999999999574e-01
2.693299229631247460e-01 5.374385287381032716e-01 8.975999999999999535e-01 8.189999999999999503e-01
3.304403169708932664e-01 6.208002017379720128e-01 8.841999999999999860e-01 8.030000000000000471e-01
2.443350580813568873e-01 4.787078607911160466e-01 9.113999999999999879e-01 8.399999999999999689e-01
2.742811572337052195e-01 5.542120443606395330e-01 8.995999999999999552e-01 8.070000000000000506e-01
3.391926646786005417e-01 6.071383542069209716e-01 8.826000000000000512e-01 8.010000000000000453e-01
2.760001887209977967e-01 5.085774318189905108e-01 8.973999999999999755e-01 8.139999999999999458e-01
2.688971144300325022e-01 4.998716580417357225e-01 8.980000000000000204e-01 8.199999999999999512e-01
2.649690308370815095e-01 5.575864123084329771e-01 9.018000000000000460e-01 8.149999999999999467e-01
2.911638534042860771e-01 4.681183651223087550e-01 8.891999999999999904e-01 8.110000000000000542e-01
3.321037648443589396e-01 6.082312512280985128e-01 8.788000000000000256e-01 8.149999999999999467e-01
3.143712409181411704e-01 5.718541999266374409e-01 8.880000000000000115e-01 8.129999999999999449e-01
2.245203858702596311e-01 4.820657181212315012e-01 9.177999999999999492e-01 8.319999999999999618e-01
2.255870993371940081e-01 4.856258069932587462e-01 9.157999999999999474e-01 8.429999999999999716e-01
2.319204842121216636e-01 4.770821150203306549e-01 9.125999999999999668e-01 8.289999999999999591e-01
3.120584621086159305e-01 5.804197549448170124e-01 8.915999999999999481e-01 8.149999999999999467e-01
2.362352284337564112e-01 4.791407991501804298e-01 9.113999999999999879e-01 8.279999999999999583e-01
2.648442839566901852e-01 5.333504958894923487e-01 9.018000000000000460e-01 8.199999999999999512e-01
2.615716569908833611e-01 5.142138827783814259e-01 9.002000000000000002e-01 8.120000000000000551e-01
2.828529149364260586e-01 5.318823311874902870e-01 8.961999999999999966e-01 8.159999999999999476e-01
2.746478910770949189e-01 5.309765772241721304e-01 9.010000000000000231e-01 8.090000000000000524e-01
3.078326644573630144e-01 5.613187243873262178e-01 8.883999999999999675e-01 8.090000000000000524e-01
2.920671993899636720e-01 5.453240886911815410e-01 9.002000000000000002e-01 8.269999999999999574e-01
3.192250978839278330e-01 5.425492194656308387e-01 8.828000000000000291e-01 7.930000000000000382e-01
2.916302195785167028e-01 5.400382314404872375e-01 8.965999999999999526e-01 8.279999999999999583e-01
3.169320920575122158e-01 4.959425237685081700e-01 8.920000000000000151e-01 8.149999999999999467e-01
3.073494712337688783e-01 5.412173017376039619e-01 8.796000000000000485e-01 8.120000000000000551e-01
2.899519755774510044e-01 5.053322367451023034e-01 9.022000000000000020e-01 8.139999999999999458e-01
2.564153172739088160e-01 4.680657335987101764e-01 9.005999999999999561e-01 8.359999999999999654e-01
