6.584412833968179557e-01 7.272423855008776084e-01 7.603999999999999648e-01 7.379999999999999893e-01
5.491693015217372631e-01 6.445678437590520726e-01 8.107999999999999652e-01 7.860000000000000320e-01
4.944972900930068027e-01 6.291570190384386807e-01 8.154000000000000137e-01 7.690000000000000169e-01
5.078776858384006498e-01 5.863367350100734399e-01 7.932000000000000162e-01 7.600000000000000089e-01
4.863063215779007686e-01 5.832025991584748326e-01 8.100000000000000533e-01 7.710000000000000187e-01
5.660974247169074935e-01 6.774854502895250041e-01 7.937999999999999501e-01 7.650000000000000133e-01
4.146255293527620900e-01 5.408714482964621650e-01 8.496000000000000218e-01 7.990000000000000435e-01
3.677108016791674205e-01 5.029564263463752738e-01 8.611999999999999655e-01 7.990000000000000435e-01
4.035114296660183841e-01 5.120367646447216980e-01 8.491999999999999549e-01 8.020000000000000462e-01
4.341465924764949524e-01 5.687698804917294959e-01 8.274000000000000243e-01 7.650000000000000133e-01
4.186818091408244236e-01 5.598260630900017132e-01 8.511999999999999567e-01 7.940000000000000391e-01
3.901132030578912113e-01 5.653971922379830151e-01 8.566000000000000281e-01 8.149999999999999467e-01
3.747371288526852307e-01 5.173015226038296666e-01 8.601999999999999647e-01 8.080000000000000515e-01
3.554357981298691960e-01 5.137071477871703040e-01 8.679999999999999938e-01 8.199999999999999512e-01
4.155259576057289683e-01 5.864947634646987540e-01 8.604000000000000536e-01 8.129999999999999449e-01
3.401595636143994184e-01 4.957528037066004645e-01 8.696000000000000396e-01 8.100000000000000533e-01
3.213355754961140232e-01 4.940878069090933744e-01 8.821999999999999842e-01 8.279999999999999583e-01
3.881735524512565649e-01 5.607930257678251929e-01 8.471999999999999531e-01 8.060000000000000497e-01
3.025996574467303413e-01 4.839367758940559261e-01 8.873999999999999666e-01 8.199999999999999512e-01
3.383365480241770640e-01 4.987231488869204865e-01 8.711999999999999744e-01 8.100000000000000533e-01
3.021377116275958952e-01 5.079422287072592468e-01 8.875999999999999446e-01 8.189999999999999503e-01
3.473957535837689514e-01 5.373495500093442567e-01 8.619999999999999885e-01 7.990000000000000435e-01
3.199066058931576695e-01 5.637009310462132161e-01 8.766000000000000458e-01 8.149999999999999467e-01
3.212650669745515386e-01 5.115987587995065589e-01 8.671999999999999709e-01 7.970000000000000417e-01
3.167591814924899385e-01 5.113982783146553412e-01 8.781999999999999806e-01 8.149999999999999467e-01
2.815083886285311698e-01 4.472072596003950351e-01 8.980000000000000204e-01 8.399999999999999689e-01
3.668729908330865541e-01 5.664797616395369495e-01 8.599999999999999867e-01 8.000000000000000444e-01
3.329681694228217581e-01 5.056282922824698600e-01 8.836000000000000520e-01 8.219999999999999529e-01
3.000861330883010658e-01 5.121272865062092006e-01 8.878000000000000336e-01 8.100000000000000533e-01
3.113529719885765878e-01 5.367921890162810072e-01 8.810000000000000053e-01 8.209999999999999520e-01
3.018784463890372693e-01 5.014621761763567998e-01 8.911999999999999922e-01 8.379999999999999671e-01
3.409974923183727857e-01 5.424617827683314575e-01 8.688000000000000167e-01 8.020000000000000462e-01
3.049055621496123414e-01 4.867222735151079394e-01 8.965999999999999526e-01 8.179999999999999494e-01
2.631180126783791429e-01 4.712125116709712791e-01 8.980000000000000204e-01 8.339999999999999636e-01
2.937135027477945082e-01 4.851782244517037768e-01 8.848000000000000309e-01 8.199999999999999512e-01
3.056077733392897899e-01 5.098842927005020620e-01 8.811999999999999833e-01 8.120000000000000551e-01
2.697859854555902381e-01 4.578681165479001058e-01 8.940000000000000169e-01 8.379999999999999671e-01
2.666610666366570626e-01 4.602880246076736515e-01 9.025999999999999579e-01 8.299999999999999600e-01
2.646762905937328214e-01 4.921348779758777381e-01 9.015999999999999570e-01 8.329999999999999627e-01
3.387390637527326609e-01 5.761782341670396157e-01 8.701999999999999735e-01 8.030000000000000471e-01
2.790220845870083344e-01 4.943546649915532276e-01 8.945999999999999508e-01 8.199999999999999512e-01
2.613032580003674665e-01 4.290968119210734066e-01 9.183999999999999941e-01 8.459999999999999742e-01
2.760208545623459298e-01 4.577398266632692336e-01 8.998000000000000442e-01 8.269999999999999574e-01
2.880646401349462593e-01 4.595612056925830191e-01 8.941999999999999948e-01 8.369999999999999662e-01
3.044956325528509478e-01 5.615500157164697859e-01 8.843999999999999639e-01 8.159999999999999476e-01
2.805187405836886971e-01 4.625230287346482894e-01 8.958000000000000407e-01 8.259999999999999565e-01
2.920005054153512747e-01 4.804238128650386019e-01 8.841999999999999860e-01 8.249999999999999556e-01
2.796780583362937778e-01 5.077192887170682845e-01 8.933999999999999719e-01 8.179999999999999494e-01
2.723561392603386921e-01 5.071470490223786154e-01 8.945999999999999508e-01 8.139999999999999458e-01
2.902668843223064066e-01 5.334092741930271941e-01 8.925999999999999490e-01 8.179999999999999494e-01
2.678253064698100649e-01 4.921894791762997379e-01 8.975999999999999535e-01 8.309999999999999609e-01
2.349744591082588985e-01 4.746482073111752964e-01 9.162000000000000144e-01 8.309999999999999609e-01
2.400634998503133055e-01 4.676792232485681433e-01 9.088000000000000522e-01 8.409999999999999698e-01
2.860893757536691062e-01 5.140219388897980801e-01 8.866000000000000547e-01 8.149999999999999467e-01
3.185050566139656647e-01 5.161716473343931355e-01 8.831999999999999851e-01 8.209999999999999520e-01
2.454722035436998906e-01 5.034188139145933105e-01 9.080000000000000293e-01 8.269999999999999574e-01
2.212737501325757750e-01 4.476267451804379349e-01 9.177999999999999492e-01 8.499999999999999778e-01
2.999108044365650927e-01 4.786206777003628732e-01 8.908000000000000362e-01 8.179999999999999494e-01
2.906763934023437468e-01 5.509691930377081936e-01 8.821999999999999842e-01 8.000000000000000444e-01
2.587851826671720978e-01 4.388613658036640830e-01 9.053999999999999826e-01 8.339999999999999636e-01
3.063603838534352253e-01 6.077967743972162440e-01 8.846000000000000529e-01 7.940000000000000391e-01
3.122763691477885017e-01 5.677632763316146081e-01 8.836000000000000520e-01 8.040000000000000480e-01
2.451752293435852104e-01 4.442270381743504415e-01 9.147999999999999465e-01 8.389999999999999680e-01
2.628069154870697477e-01 4.957371669262441438e-01 8.970000000000000195e-01 8.359999999999999654e-01
3.115370896813166035e-01 5.699110738636268270e-01 8.840000000000000080e-01 8.179999999999999494e-01
3.115630367760028885e-01 5.376391059703792275e-01 8.853999999999999648e-01 8.129999999999999449e-01
2.466607722763566046e-01 5.508008031276524497e-01 9.075999999999999623e-01 8.179999999999999494e-01
2.848341626457782105e-01 5.478719452745590690e-01 8.915999999999999481e-01 8.169999999999999485e-01
2.597130514864349760e-01 4.505085641608351787e-01 8.983999999999999764e-01 8.319999999999999618e-01
3.350938794066147253e-01 5.291194581720882750e-01 8.790000000000000036e-01 8.239999999999999547e-01
2.500788576874670710e-01 5.155032542345324709e-01 9.040000000000000258e-01 8.379999999999999671e-01
2.999294615733378855e-01 5.229211801739068743e-01 8.828000000000000291e-01 8.100000000000000533e-01
2.294639324377811263e-01 4.740162759813259519e-01 9.153999999999999915e-01 8.379999999999999671e-01
2.422454425239806419e-01 5.000902290371488368e-01 9.085999999999999632e-01 8.339999999999999636e-01
2.446474687463517650e-01 4.820770934417822895e-01 9.103999999999999870e-01 8.359999999999999654e-01
3.131548359375268542e-01 6.064718261788246689e-01 8.870000000000000107e-01 8.080000000000000515e-01
2.491096865260203630e-01 5.340518908481641791e-01 9.035999999999999588e-01 8.169999999999999485e-01
2.519627038799385210e-01 4.998821497459650653e-01 9.032000000000000028e-01 8.419999999999999707e-01
2.258623292212560141e-01 4.805407492529934488e-01 9.223999999999999977e-01 8.299999999999999600e-01
2.791214519388751647e-01 4.861608085724953288e-01 9.028000000000000469e-01 8.149999999999999467e-01
2.324346147802782425e-01 5.189699318378834247e-01 9.122000000000000108e-01 8.249999999999999556e-01
2.739787474815650326e-01 5.553616912662410199e-01 8.921999999999999931e-01 8.139999999999999458e-01
2.586913980716319950e-01 5.121240527736793391e-01 9.110000000000000320e-01 8.139999999999999458e-01
2.424735279010781508e-01 4.675289216458387576e-01 9.063999999999999835e-01 8.429999999999999716e-01
2.501667386016301342e-01 5.172085973315690977e-01 9.022000000000000020e-01 8.259999999999999565e-01
2.300637835749700655e-01 4.423465638382630960e-01 9.202000000000000179e-01 8.459999999999999742e-01
2.397695144573923631e-01 5.080383599964830577e-01 9.103999999999999870e-01 8.249999999999999556e-01
2.533017548934133889e-01 4.709987888157598501e-01 9.018000000000000460e-01 8.229999999999999538e-01
2.847700105103852519e-01 5.402580591427859069e-01 8.993999999999999773e-01 8.209999999999999520e-01
2.513226220707950320e-01 5.112428148833597641e-01 9.112000000000000099e-01 8.239999999999999547e-01
2.797962833088112888e-01 4.993173059587365792e-01 9.053999999999999826e-01 8.279999999999999583e-01
2.763677760312759357e-01 5.430390111510166040e-01 8.901999999999999913e-01 8.149999999999999467e-01
2.268486674619915044e-01 5.320815222940652456e-01 9.150000000000000355e-01 8.279999999999999583e-01
3.149087625118915379e-01 5.617831291595054566e-01 8.776000000000000467e-01 8.289999999999999591e-01
3.082422293936661895e-01 5.855586115623386823e-01 8.878000000000000336e-01 8.060000000000000497e-01
2.477650572708981203e-01 4.626317306471441904e-01 9.125999999999999668e-01 8.309999999999999609e-01
2.509365745853210927e-01 5.010148689472107009e-01 9.010000000000000231e-01 8.239999999999999547e-01
3.364850404187069155e-01 6.184182157523769874e-01 8.661999999999999700e-01 7.910000000000000364e-01
2.293131401792962709e-01 5.028056405233128912e-01 9.185999999999999721e-01 8.359999999999999654e-01
2.516949918667667485e-01 5.141038660589295484e-01 9.032000000000000028e-01 8.199999999999999512e-01
2.302632753662507692e-01 5.279801890651161234e-01 9.083999999999999853e-01 8.060000000000000497e-01
2.655872493756395447e-01 5.566611389236656438e-01 9.090000000000000302e-01 8.219999999999999529e-01
3.189343121915856893e-01 6.022772867569269328e-01 8.860000000000000098e-01 8.179999999999999494e-01
2.611937810917914216e-01 4.938573313800568299e-01 8.981999999999999984e-01 8.199999999999999512e-01
2.460954989846963203e-01 4.619843040923062860e-01 9.090000000000000302e-01 8.379999999999999671e-01
2.245911078258090721e-01 5.425446245618400498e-01 9.213999999999999968e-01 8.329999999999999627e-01
2.469370781014467997e-01 5.425076233942661696e-01 9.040000000000000258e-01 8.249999999999999556e-01
2.631994785271240533e-01 5.274320250455679648e-01 8.981999999999999984e-01 8.110000000000000542e-01
2.490444017359278450e-01 4.694964733439916382e-01 8.995999999999999552e-01 8.219999999999999529e-01
2.425910771765706631e-01 5.836821741129699648e-01 9.078000000000000513e-01 8.249999999999999556e-01
2.421561179721024026e-01 4.750675372977549160e-01 9.167999999999999483e-01 8.339999999999999636e-01
2.888522839057832137e-01 5.740188143901768791e-01 8.911999999999999922e-01 8.120000000000000551e-01
2.724473198023545373e-01 5.853094136193170982e-01 9.032000000000000028e-01 8.179999999999999494e-01
2.285140945240556887e-01 4.767580102331610559e-01 9.145999999999999686e-01 8.339999999999999636e-01
2.410404438295734586e-01 5.221764082033251153e-01 9.108000000000000540e-01 8.189999999999999503e-01
2.262586369882456927e-01 4.709266771614646907e-01 9.173999999999999932e-01 8.429999999999999716e-01
2.624603683074049898e-01 5.766479439325553624e-01 9.012000000000000011e-01 8.189999999999999503e-01
2.650577345659280160e-01 4.988121614453970287e-01 9.102000000000000091e-01 8.219999999999999529e-01
2.286513567415017767e-01 5.230337508188026563e-01 9.132000000000000117e-01 8.179999999999999494e-01
2.149515534389587756e-01 4.614673556842177615e-01 9.240000000000000435e-01 8.369999999999999662e-01
2.681044550571803353e-01 5.133328375907926233e-01 8.993999999999999773e-01 8.259999999999999565e-01
2.608488886769760873e-01 4.878568354827967912e-01 9.043999999999999817e-01 8.309999999999999609e-01
2.321495035144913455e-01 4.700968232130552371e-01 9.163999999999999924e-01 8.449999999999999734e-01
2.369624214950445118e-01 5.181926944718443506e-01 9.082000000000000073e-01 8.289999999999999591e-01
2.492611689185716961e-01 5.054803496979488608e-01 9.065999999999999615e-01 8.329999999999999627e-01
2.799477307656950686e-01 5.650819729939544622e-01 8.993999999999999773e-01 8.269999999999999574e-01
2.294623742106212394e-01 5.136568439445926559e-01 9.207999999999999519e-01 8.339999999999999636e-01
2.446816144957623673e-01 5.042442036340355482e-01 9.045999999999999597e-01 8.319999999999999618e-01
2.824660199867661814e-01 4.781755112123649010e-01 9.012000000000000011e-01 8.279999999999999583e-01
2.783397939404830823e-01 5.225507632691035464e-01 8.935999999999999499e-01 8.120000000000000551e-01
2.356703260479096895e-01 4.968037312198125277e-01 9.177999999999999492e-01 8.289999999999999591e-01
2.534000242069227027e-01 4.427540194736197532e-01 9.160000000000000364e-01 8.409999999999999698e-01
2.232908868644523925e-01 4.816679837731891456e-01 9.207999999999999519e-01 8.289999999999999591e-01
2.959588709513348848e-01 5.558963742429884336e-01 8.786000000000000476e-01 8.000000000000000444e-01
2.343808743402899519e-01 4.856134893264305030e-01 9.212000000000000188e-01 8.339999999999999636e-01
2.690686613738411115e-01 5.178665040689293120e-01 8.910000000000000142e-01 8.209999999999999520e-01
2.787348316740352883e-01 5.926636205026388771e-01 8.920000000000000151e-01 8.120000000000000551e-01
2.764551900076844260e-01 5.817546466384883042e-01 9.040000000000000258e-01 8.100000000000000533e-01
3.322872021210905857e-01 6.555240078382754687e-01 8.771999999999999797e-01 7.960000000000000409e-01
2.577236392100814566e-01 5.186619082072042586e-01 9.022000000000000020e-01 8.349999999999999645e-01
2.586832050856920917e-01 5.162175642218834737e-01 8.978000000000000425e-01 8.149999999999999467e-01
2.429474831213464248e-01 5.337703340371430238e-01 9.093999999999999861e-01 8.289999999999999591e-01
2.520425157639361591e-01 5.469590644565535120e-01 9.028000000000000469e-01 8.219999999999999529e-01
2.588869420692482826e-01 5.399679917405730833e-01 9.033999999999999808e-01 8.159999999999999476e-01
2.052856020983713226e-01 4.686415236951304575e-01 9.290000000000000480e-01 8.409999999999999698e-01
2.328941807475206627e-01 4.747315689350036783e-01 9.172000000000000153e-01 8.389999999999999680e-01
2.679263152345359167e-01 4.822178534649106396e-01 9.032000000000000028e-01 8.219999999999999529e-01
2.790567090379625359e-01 4.968764977590889309e-01 9.008000000000000451e-01 8.369999999999999662e-01
3.639515479498052763e-01 6.699030290013926470e-01 8.601999999999999647e-01 7.860000000000000320e-01
2.225766954662402319e-01 5.147859308443812898e-01 9.142000000000000126e-01 8.409999999999999698e-01
2.783664327529067339e-01 4.985433366876481087e-01 8.941999999999999948e-01 8.159999999999999476e-01
2.290511921144621765e-01 4.751297219367022207e-01 9.160000000000000364e-01 8.249999999999999556e-01
2.241978537704729657e-01 4.670519467755469001e-01 9.210000000000000409e-01 8.389999999999999680e-01
3.282125306917494378e-01 5.919389605152898248e-01 8.703999999999999515e-01 7.940000000000000391e-01
2.569691778841584617e-01 5.163730647951351171e-01 9.000000000000000222e-01 8.239999999999999547e-01
2.470860326979898713e-01 5.083629005517259491e-01 9.142000000000000126e-01 8.389999999999999680e-01
2.406796099175619874e-01 4.931820566608127732e-01 9.035999999999999588e-01 8.369999999999999662e-01
2.648052199006790675e-01 5.176522656763029584e-01 9.045999999999999597e-01 8.179999999999999494e-01
2.275846685786551971e-01 4.702952841063664513e-01 9.167999999999999483e-01 8.309999999999999609e-01
2.529613312234448852e-01 4.962492508087520959e-01 9.113999999999999879e-01 8.319999999999999618e-01
2.292704360545820830e-01 4.964396398720347103e-01 9.192000000000000171e-01 8.259999999999999565e-01
3.191720640259164132e-01 5.797523767947893036e-01 8.770000000000000018e-01 7.990000000000000435e-01
2.127882222907023779e-01 4.717672363737671626e-01 9.223999999999999977e-01 8.409999999999999698e-01
2.751284865244129074e-01 5.607204285183932102e-01 8.993999999999999773e-01 8.139999999999999458e-01
2.083194023820273411e-01 4.939393149247235382e-01 9.255999999999999783e-01 8.309999999999999609e-01
2.545547394787531781e-01 5.164042926386359644e-01 9.058000000000000496e-01 8.229999999999999538e-01
2.445484609510680529e-01 4.820183866940393469e-01 9.155999999999999694e-01 8.359999999999999654e-01
2.856408970060251296e-01 5.213225422315622692e-01 9.072000000000000064e-01 8.169999999999999485e-01
2.216769683391708046e-01 4.379739685819384887e-01 9.185999999999999721e-01 8.439999999999999725e-01
2.132554668870897396e-01 4.835857674763948122e-01 9.222000000000000197e-01 8.379999999999999671e-01
2.595081332685121867e-01 5.085683742662477913e-01 9.002000000000000002e-01 8.239999999999999547e-01
2.222529241020375079e-01 4.869241344647266545e-01 9.137999999999999456e-01 8.309999999999999609e-01
2.620424682486189871e-01 5.839926970847618692e-01 9.000000000000000222e-01 8.209999999999999520e-01
2.511188665288167088e-01 5.134047369353234025e-01 9.013999999999999790e-01 8.299999999999999600e-01
2.576522457081689699e-01 5.616107874202107553e-01 9.023999999999999799e-01 8.149999999999999467e-01
2.397035821005033540e-01 5.378072120484977958e-01 9.088000000000000522e-01 8.279999999999999583e-01
2.148641744615480131e-01 4.815152851754135321e-01 9.195999999999999730e-01 8.349999999999999645e-01
2.611551434987903764e-01 5.076222773703231717e-01 9.033999999999999808e-01 8.179999999999999494e-01
2.511880897196968609e-01 5.286862166692870568e-01 9.055999999999999606e-01 8.199999999999999512e-01
3.492162326125263783e-01 6.870631346189967070e-01 8.671999999999999709e-01 7.860000000000000320e-01
2.167837950352782261e-01 5.353444231718614832e-01 9.127999999999999448e-01 8.229999999999999538e-01
2.584717647306091770e-01 5.396214840758323250e-01 9.000000000000000222e-01 8.030000000000000471e-01
2.438828524534467357e-01 5.190419245809581028e-01 9.092000000000000082e-01 8.349999999999999645e-01
2.606903274429124839e-01 5.620213467083129411e-01 9.033999999999999808e-01 8.110000000000000542e-01
2.377582898242379117e-01 5.308641896445847053e-01 9.100000000000000311e-01 8.259999999999999565e-01
2.794097782003783226e-01 5.649976164242834775e-01 9.013999999999999790e-01 8.139999999999999458e-01
2.641193975161811869e-01 5.447847615727650084e-01 9.015999999999999570e-01 8.259999999999999565e-01
2.419503181630280886e-01 5.033072244044000110e-01 9.150000000000000355e-01 8.129999999999999449e-01
2.628525598525447982e-01 5.434417732062504225e-01 8.993999999999999773e-01 8.139999999999999458e-01
3.300631351235382982e-01 5.912235650334637382e-01 8.531999999999999584e-01 7.650000000000000133e-01
2.877054474302782050e-01 5.689490283890435984e-01 8.965999999999999526e-01 8.149999999999999467e-01
2.572578307331402914e-01 5.064563380928700509e-01 9.082000000000000073e-01 8.259999999999999565e-01
2.688724154490667595e-01 5.044598307968299888e-01 8.990000000000000213e-01 8.060000000000000497e-01
3.081898047493243920e-01 5.743020919781240963e-01 8.831999999999999851e-01 7.940000000000000391e-01
2.382715057812787585e-01 5.139750691846718400e-01 9.118000000000000549e-01 8.269999999999999574e-01
2.539204164670811892e-01 5.074697135866186315e-01 9.137999999999999456e-01 8.269999999999999574e-01
2.788850314576136191e-01 5.265073896379700580e-01 8.963999999999999746e-01 8.159999999999999476e-01
2.408958098702997652e-01 5.209861465971041827e-01 9.075999999999999623e-01 8.199999999999999512e-01
3.166067680217024560e-01 5.541379499985089607e-01 8.820000000000000062e-01 7.980000000000000426e-01
2.713107797004628563e-01 5.290285495374168478e-01 9.033999999999999808e-01 8.249999999999999556e-01
2.688993355175705591e-01 5.166604768448056495e-01 9.008000000000000451e-01 8.329999999999999627e-01
2.682786319392160279e-01 5.390948318008235152e-01 9.052000000000000046e-01 8.319999999999999618e-01
2.380481529879147629e-01 5.108336433312764546e-01 9.155999999999999694e-01 8.209999999999999520e-01
2.536133741544764897e-01 5.093255668993359464e-01 9.028000000000000469e-01 8.269999999999999574e-01
2.447419098917746894e-01 4.992585396955315225e-01 9.112000000000000099e-01 8.189999999999999503e-01
2.423472671542478696e-01 5.543491133608294819e-01 9.130000000000000338e-01 8.279999999999999583e-01
3.174866984474779552e-01 5.114652256665038754e-01 8.873999999999999666e-01 8.090000000000000524e-01
2.679500447451987899e-01 5.631001977639127354e-01 9.028000000000000469e-01 8.219999999999999529e-01
2.637655986214458848e-01 5.371462776175368603e-01 8.980000000000000204e-01 8.169999999999999485e-01
2.976586597369348941e-01 6.014034795700745617e-01 8.918000000000000371e-01 7.950000000000000400e-01
3.062959472069542444e-01 5.751527937487119768e-01 8.950000000000000178e-01 8.179999999999999494e-01
3.160604802298735416e-01 5.512494140603848569e-01 8.863999999999999657e-01 8.080000000000000515e-01
2.978805076846482991e-01 6.134131681365656563e-01 8.871999999999999886e-01 8.030000000000000471e-01
3.641793539789218159e-01 7.024478719302870156e-01 8.568000000000000060e-01 7.870000000000000329e-01
2.849695503646604289e-01 5.316225317181196841e-01 8.951999999999999957e-01 8.080000000000000515e-01
2.405698895938935544e-01 4.825304179329539256e-01 9.165999999999999703e-01 8.349999999999999645e-01
2.319091470403526201e-01 4.833580476816348170e-01 9.173999999999999932e-01 8.209999999999999520e-01
2.544144402478211164e-01 5.191399047236935349e-01 9.045999999999999597e-01 8.259999999999999565e-01
2.521313583091043253e-01 5.256603171278200204e-01 9.035999999999999588e-01 8.259999999999999565e-01
2.277497181239110102e-01 4.618656767102782834e-01 9.137999999999999456e-01 8.319999999999999618e-01
2.334217649887960766e-01 4.826754676147776424e-01 9.102000000000000091e-01 8.289999999999999591e-01
2.617413474691659414e-01 5.230025914711936563e-01 9.073999999999999844e-01 8.279999999999999583e-01
2.159494662564316048e-01 4.754931002512920446e-01 9.160000000000000364e-01 8.339999999999999636e-01
2.651772943153223316e-01 4.878799688312075999e-01 8.998000000000000442e-01 8.269999999999999574e-01
2.491369427669138659e-01 5.048814177634433076e-01 9.125999999999999668e-01 8.309999999999999609e-01
2.395219459330422129e-01 5.001590879602475503e-01 9.165999999999999703e-01 8.259999999999999565e-01
2.795133401629790737e-01 5.011338594718403039e-01 8.963999999999999746e-01 8.239999999999999547e-01
3.165395419081450945e-01 5.438860449074038872e-01 8.813999999999999613e-01 8.110000000000000542e-01
3.007066296817776929e-01 5.278456650258560590e-01 8.951999999999999957e-01 8.020000000000000462e-01
2.800192384874231055e-01 5.751193614704959156e-01 8.958000000000000407e-01 8.169999999999999485e-01
2.269599707420703327e-01 5.221163330448366224e-01 9.223999999999999977e-01 8.279999999999999583e-01
2.527934703486907630e-01 5.468908049867510224e-01 9.080000000000000293e-01 8.279999999999999583e-01
2.204409203412496798e-01 4.712755264104785402e-01 9.193999999999999950e-01 8.209999999999999520e-01
2.069729585962833407e-01 4.910069837235567780e-01 9.215999999999999748e-01 8.329999999999999627e-01
2.238439353897192230e-01 5.372153857381279929e-01 9.195999999999999730e-01 8.269999999999999574e-01
2.495900307812800312e-01 4.968154714771937930e-01 9.108000000000000540e-01 8.179999999999999494e-01
2.356962626857395104e-01 5.029162033063574455e-01 9.195999999999999730e-01 8.259999999999999565e-01
3.262796934784090719e-01 6.225939242194575840e-01 8.833999999999999631e-01 8.010000000000000453e-01
2.067567552700623201e-01 4.678252975368291100e-01 9.300000000000000488e-01 8.349999999999999645e-01
1.957732462497973891e-01 5.054226272195206926e-01 9.345999999999999863e-01 8.249999999999999556e-01
2.238455105415152468e-01 5.142597001804656287e-01 9.137999999999999456e-01 8.259999999999999565e-01
2.205512878484195971e-01 4.595790893079242934e-01 9.287999999999999590e-01 8.319999999999999618e-01
3.299806442183392252e-01 6.148610917827826983e-01 8.709999999999999964e-01 7.930000000000000382e-01
2.292599055787140072e-01 5.044876843897361240e-01 9.195999999999999730e-01 8.269999999999999574e-01
2.433745475890752574e-01 5.171969961408142691e-01 9.113999999999999879e-01 8.229999999999999538e-01
3.138283581595376903e-01 5.702674758819948897e-01 8.863999999999999657e-01 8.110000000000000542e-01
2.288887297645955665e-01 4.953838438883735873e-01 9.180000000000000382e-01 8.359999999999999654e-01
3.313997133853438526e-01 6.212120842869806037e-01 8.733999999999999542e-01 7.970000000000000417e-01
2.725814418437135789e-01 4.943056408510694832e-01 8.910000000000000142e-01 8.189999999999999503e-01
2.349472348662443311e-01 5.042575163625069301e-01 9.120000000000000329e-01 8.349999999999999645e-01
2.460973943307070977e-01 4.752609214660163950e-01 9.062000000000000055e-01 8.309999999999999609e-01
2.789291119733515734e-01 5.271254541013739026e-01 9.023999999999999799e-01 8.219999999999999529e-01
3.007006037563553780e-01 5.509635528545133720e-01 8.863999999999999657e-01 8.269999999999999574e-01
2.525754819809696294e-01 4.924733338100844571e-01 9.135999999999999677e-01 8.279999999999999583e-01
2.438965278771342005e-01 5.600880376672375816e-01 9.137999999999999456e-01 8.229999999999999538e-01
3.068380786851067632e-01 5.713758173994483158e-01 8.813999999999999613e-01 7.970000000000000417e-01
2.930090158496521102e-01 5.397387739925341155e-01 8.950000000000000178e-01 8.110000000000000542e-01
3.411037377815879790e-01 6.418621316954982170e-01 8.763999999999999568e-01 8.110000000000000542e-01
2.633029982384992307e-01 5.353534019747528960e-01 9.023999999999999799e-01 8.050000000000000488e-01
2.118844491480587622e-01 4.800322630342604979e-01 9.213999999999999968e-01 8.309999999999999609e-01
3.080743900716638728e-01 5.431999234936115695e-01 8.793999999999999595e-01 7.930000000000000382e-01
2.523597025152174989e-01 4.893017188734470335e-01 9.085999999999999632e-01 8.229999999999999538e-01
3.242061991801566401e-01 6.722363462313815097e-01 8.943999999999999728e-01 7.910000000000000364e-01
2.937505476172777574e-01 5.728532499553791180e-01 8.848000000000000309e-01 8.000000000000000444e-01
2.564077458612959437e-01 5.017154934173458924e-01 8.990000000000000213e-01 8.129999999999999449e-01
2.712006105520002874e-01 4.663556111168195017e-01 8.958000000000000407e-01 8.309999999999999609e-01
2.789119678267319435e-01 4.871447761704307267e-01 8.981999999999999984e-01 8.259999999999999565e-01
3.015562242974344498e-01 5.218313715338540604e-01 8.800000000000000044e-01 8.050000000000000488e-01
2.993301768882101199e-01 5.952503323532778445e-01 8.985999999999999543e-01 7.970000000000000417e-01
2.787054489818913128e-01 5.543066174941562174e-01 8.951999999999999957e-01 8.040000000000000480e-01
2.966691908555906809e-01 5.667004255384613387e-01 8.903999999999999693e-01 8.139999999999999458e-01
3.198666254085209548e-01 5.451818810356378053e-01 8.843999999999999639e-01 8.179999999999999494e-01
2.356049696474147026e-01 4.934874560304182145e-01 9.108000000000000540e-01 8.329999999999999627e-01
2.343905460473676983e-01 5.132632495487386981e-01 9.150000000000000355e-01 8.179999999999999494e-01
3.236833184914397754e-01 5.598308279048614944e-01 8.668000000000000149e-01 7.760000000000000231e-01
2.384588068615156875e-01 4.996888832546222958e-01 9.100000000000000311e-01 8.389999999999999680e-01
2.962827620506455206e-01 5.035900158952908434e-01 8.820000000000000062e-01 8.189999999999999503e-01
2.197701149484291017e-01 5.178434557364968160e-01 9.172000000000000153e-01 8.299999999999999600e-01
2.286145469455896917e-01 4.948675114123762264e-01 9.182000000000000162e-01 8.279999999999999583e-01
2.579365065354441988e-01 5.608987984742407340e-01 9.012000000000000011e-01 8.110000000000000542e-01
2.818970159386551266e-01 5.362993681137510071e-01 8.941999999999999948e-01 8.169999999999999485e-01
2.029649286512255346e-01 5.107374896934431252e-01 9.284000000000000030e-01 8.319999999999999618e-01
2.448064337290856707e-01 5.557177042740800710e-01 9.105999999999999650e-01 8.269999999999999574e-01
2.570051841966953243e-01 5.548709994804489343e-01 9.063999999999999835e-01 8.020000000000000462e-01
2.796854404775064862e-01 5.732454952143869464e-01 8.973999999999999755e-01 8.080000000000000515e-01
2.799665653633742757e-01 4.852778800781007984e-01 8.970000000000000195e-01 8.199999999999999512e-01
2.605685219385471263e-01 5.116026124771529959e-01 8.958000000000000407e-01 8.030000000000000471e-01
2.166083735244379027e-01 4.822649874158133065e-01 9.215999999999999748e-01 8.349999999999999645e-01
3.646691655026931267e-01 5.873251430118935357e-01 8.487999999999999989e-01 7.710000000000000187e-01
2.867962908843701419e-01 5.602761024591548233e-01 8.885999999999999455e-01 8.100000000000000533e-01
2.632688143834902572e-01 5.497091138528803489e-01 9.030000000000000249e-01 8.259999999999999565e-01
2.320731479566863487e-01 5.031402836297167447e-01 9.195999999999999730e-01 8.159999999999999476e-01
2.341603632871964713e-01 5.567058191283622559e-01 9.083999999999999853e-01 8.189999999999999503e-01
2.270906598697053635e-01 4.904067926629970264e-01 9.163999999999999924e-01 8.329999999999999627e-01
2.186383275180083796e-01 4.914953693716958005e-01 9.200000000000000400e-01 8.219999999999999529e-01
2.191548753100941160e-01 5.114524623590953611e-01 9.255999999999999783e-01 8.219999999999999529e-01
2.919500192635462454e-01 6.016828794618331866e-01 8.790000000000000036e-01 7.980000000000000426e-01
2.943834626494436502e-01 5.270042605795108859e-01 8.940000000000000169e-01 8.110000000000000542e-01
2.489449000397788436e-01 4.944556175034811596e-01 9.063999999999999835e-01 8.129999999999999449e-01
2.725588136345014068e-01 5.035063968945311386e-01 9.012000000000000011e-01 8.219999999999999529e-01
2.726131405533033791e-01 6.165609872286441639e-01 9.028000000000000469e-01 7.980000000000000426e-01
2.714281353156933752e-01 5.182682723480097620e-01 9.030000000000000249e-01 8.309999999999999609e-01
2.660193112454282693e-01 5.640599756884727700e-01 8.968000000000000416e-01 8.040000000000000480e-01
3.038538463336947215e-01 5.749503579273907983e-01 8.883999999999999675e-01 8.129999999999999449e-01
2.566108204809266491e-01 5.367326668819268898e-01 9.032000000000000028e-01 8.169999999999999485e-01
2.299630045229203446e-01 5.266036125922622935e-01 9.115999999999999659e-01 8.249999999999999556e-01
2.376747732725089102e-01 5.088223678522524329e-01 9.115999999999999659e-01 8.229999999999999538e-01
2.463573003276045836e-01 5.353565126616460779e-01 9.170000000000000373e-01 8.199999999999999512e-01
2.395073395654740145e-01 5.368785264566761084e-01 9.113999999999999879e-01 8.239999999999999547e-01
2.790075945154587012e-01 5.402670899141033267e-01 8.920000000000000151e-01 8.010000000000000453e-01
2.810573996557380605e-01 5.321969728505340225e-01 8.941999999999999948e-01 8.100000000000000533e-01
2.301389470836939788e-01 5.182631522337396435e-01 9.210000000000000409e-01 8.349999999999999645e-01
2.890804406501853441e-01 6.097870252038043448e-01 8.940000000000000169e-01 8.080000000000000515e-01
2.476703079622669945e-01 5.341188808057117932e-01 9.093999999999999861e-01 8.120000000000000551e-01
3.035301164341179248e-01 5.660099266842337773e-01 8.873999999999999666e-01 8.139999999999999458e-01
2.945773268572209336e-01 5.205042909084063307e-01 8.991999999999999993e-01 8.139999999999999458e-01
4.277007775207534723e-01 6.869854849555645515e-01 8.299999999999999600e-01 7.489999999999999991e-01
2.986984433501520542e-01 5.288138869305164524e-01 8.928000000000000380e-01 8.110000000000000542e-01
3.070235526846923912e-01 5.942097312917701268e-01 8.923999999999999710e-01 8.090000000000000524e-01
3.051916580356048292e-01 5.943264219356414468e-01 8.763999999999999568e-01 8.000000000000000444e-01
3.506188019047358773e-01 6.034813015473211584e-01 8.760000000000000009e-01 8.070000000000000506e-01
2.522118906292534213e-01 4.977673453396172509e-01 9.093999999999999861e-01 8.239999999999999547e-01
2.682961008482057652e-01 5.739388391723069249e-01 8.935999999999999499e-01 8.070000000000000506e-01
2.548780259480943888e-01 5.603981778116394752e-01 8.985999999999999543e-01 8.189999999999999503e-01
2.693314794854699268e-01 5.817124579207157975e-01 9.013999999999999790e-01 8.080000000000000515e-01
2.903645804118955009e-01 6.304912962266414622e-01 8.945999999999999508e-01 7.990000000000000435e-01
2.634241127570908225e-01 4.997149189352244059e-01 9.082000000000000073e-01 8.269999999999999574e-01
2.690803939300070446e-01 5.831472946615446906e-01 9.003999999999999782e-01 8.120000000000000551e-01
2.328888422161283500e-01 4.796320619887973202e-01 9.127999999999999448e-01 8.279999999999999583e-01
2.738967520522017640e-01 5.193292027768793284e-01 9.052000000000000046e-01 8.179999999999999494e-01
2.787804289901465449e-01 4.999626023821806542e-01 8.993999999999999773e-01 8.110000000000000542e-01
3.065262721711818350e-01 5.695467014659060245e-01 8.978000000000000425e-01 8.189999999999999503e-01
2.532430223222836840e-01 4.994119918660865354e-01 9.123999999999999888e-01 8.269999999999999574e-01
2.402313093276274292e-01 5.086307187141542174e-01 9.070000000000000284e-01 8.189999999999999503e-01
3.009195527545826532e-01 4.884811873173338093e-01 8.990000000000000213e-01 8.179999999999999494e-01
2.745968339571077110e-01 5.166423235347812337e-01 9.143999999999999906e-01 8.239999999999999547e-01
3.243646275078292951e-01 5.705511764785438089e-01 8.868000000000000327e-01 8.000000000000000444e-01
3.516747226055884079e-01 6.431258342399468475e-01 8.624000000000000554e-01 7.880000000000000338e-01
2.573290618566806409e-01 4.923508335029751493e-01 9.090000000000000302e-01 8.179999999999999494e-01
2.602756075888150167e-01 5.055875243963865451e-01 9.063999999999999835e-01 8.110000000000000542e-01
2.916767654633021234e-01 5.636734101076427139e-01 8.990000000000000213e-01 8.159999999999999476e-01
2.591207713629010700e-01 5.222976730310279203e-01 9.000000000000000222e-01 8.219999999999999529e-01
2.878327957876824494e-01 4.797697979086315567e-01 8.821999999999999842e-01 8.169999999999999485e-01
2.867128496230027523e-01 5.119184122310896923e-01 8.921999999999999931e-01 8.159999999999999476e-01
2.939843016709630108e-01 5.423008768091825971e-01 8.943999999999999728e-01 8.219999999999999529e-01
2.981425151868666301e-01 5.513366609753650449e-01 8.933999999999999719e-01 8.159999999999999476e-01
2.752293694335835039e-01 5.551967193565997549e-01 8.965999999999999526e-01 8.000000000000000444e-01
3.120541078134749791e-01 5.385316256687103786e-01 8.863999999999999657e-01 8.169999999999999485e-01
3.033465718078422468e-01 5.698583370634867640e-01 8.856000000000000538e-01 8.139999999999999458e-01
2.644426405769970678e-01 5.110791390616253871e-01 9.005999999999999561e-01 8.159999999999999476e-01
2.302350174830890273e-01 5.124762463282774849e-01 9.162000000000000144e-01 8.259999999999999565e-01
2.759195258098202652e-01 5.030933955658353218e-01 9.102000000000000091e-01 8.209999999999999520e-01
2.841920297857192801e-01 5.258390215206014684e-01 8.968000000000000416e-01 8.020000000000000462e-01
2.876568120780241822e-01 5.625591837102283943e-01 8.991999999999999993e-01 8.110000000000000542e-01
3.110958096277244289e-01 5.822734331064218782e-01 8.723999999999999533e-01 7.780000000000000249e-01
3.063343905489210317e-01 5.368398924335634481e-01 8.821999999999999842e-01 8.050000000000000488e-01
3.563302697312125678e-01 6.002309802625942492e-01 8.663999999999999480e-01 7.900000000000000355e-01
2.960631374661193416e-01 5.750953766299928827e-01 8.943999999999999728e-01 8.169999999999999485e-01
2.642146404694766804e-01 5.555577060113957577e-01 9.048000000000000487e-01 8.169999999999999485e-01
2.694805466160711815e-01 5.359138175779861735e-01 8.971999999999999975e-01 8.030000000000000471e-01
2.501309052309934611e-01 5.505856592123515858e-01 9.068000000000000504e-01 8.100000000000000533e-01
2.580594235300132655e-01 5.354451125829862157e-01 9.063999999999999835e-01 8.149999999999999467e-01
2.567764839943399990e-01 5.247227950422214127e-01 9.123999999999999888e-01 8.249999999999999556e-01
2.898914415866798433e-01 5.520863583788273576e-01 8.878000000000000336e-01 8.000000000000000444e-01
2.878924469504640649e-01 5.848046413140705058e-01 8.955999999999999517e-01 8.159999999999999476e-01
2.774283819916851246e-01 5.229295376687319585e-01 9.035999999999999588e-01 8.090000000000000524e-01
3.075976829727068429e-01 5.240323096000631953e-01 8.826000000000000512e-01 8.120000000000000551e-01
2.733167839306717695e-01 5.015990855051678521e-01 9.092000000000000082e-01 8.389999999999999680e-01
2.593594067554371718e-01 5.540619007711581334e-01 9.075999999999999623e-01 8.060000000000000497e-01
2.650255591669068989e-01 5.369117454302416714e-01 9.053999999999999826e-01 8.229999999999999538e-01
2.154938194267488616e-01 5.275329812377752559e-01 9.232000000000000206e-01 8.249999999999999556e-01
3.306893948308529674e-01 6.094178228178980250e-01 8.646000000000000352e-01 7.780000000000000249e-01
2.441103098179183695e-01 5.124362519279036521e-01 9.142000000000000126e-01 8.309999999999999609e-01
2.409733342742875206e-01 4.942408855053738170e-01 9.162000000000000144e-01 8.279999999999999583e-01
2.254746200843587289e-01 5.384344594483203572e-01 9.202000000000000179e-01 8.199999999999999512e-01
2.762361632644527165e-01 5.465661344315710934e-01 9.025999999999999579e-01 8.219999999999999529e-01
2.553809699758790019e-01 5.937033220892700136e-01 9.038000000000000478e-01 8.110000000000000542e-01
2.561977566518788829e-01 4.902611610789945895e-01 9.048000000000000487e-01 8.329999999999999627e-01
2.335212652963448432e-01 5.209753095961124902e-01 9.145999999999999686e-01 8.120000000000000551e-01
2.818451091085875104e-01 5.988981455067818871e-01 8.903999999999999693e-01 7.970000000000000417e-01
2.794171718746010780e-01 5.676670402767014512e-01 8.948000000000000398e-01 8.199999999999999512e-01
2.696223082304201601e-01 5.487067755054813034e-01 9.042000000000000037e-01 8.239999999999999547e-01
2.493322703101384930e-01 4.892114514373250289e-01 9.090000000000000302e-01 8.349999999999999645e-01
2.746882589086656612e-01 5.017829479729241093e-01 9.090000000000000302e-01 8.269999999999999574e-01
2.967585699499153407e-01 5.322546663515466125e-01 8.918000000000000371e-01 8.060000000000000497e-01
2.880836808080112776e-01 5.725370073908619961e-01 8.863999999999999657e-01 8.139999999999999458e-01
3.546061941265198358e-01 5.800230786000399874e-01 8.888000000000000345e-01 8.129999999999999449e-01
2.548193608238301100e-01 5.001882658114340519e-01 9.050000000000000266e-01 8.219999999999999529e-01
2.668556155693525556e-01 5.452759515604075347e-01 8.971999999999999975e-01 8.339999999999999636e-01
2.856938716095365760e-01 5.402433748259514168e-01 8.931999999999999940e-01 8.149999999999999467e-01
3.819209758196349114e-01 6.377335329625468674e-01 8.529999999999999805e-01 7.800000000000000266e-01
2.515978379059988779e-01 4.941824081873171237e-01 9.105999999999999650e-01 8.189999999999999503e-01
2.848658361895490265e-01 5.442567084581453329e-01 8.961999999999999966e-01 8.279999999999999583e-01
2.780953082223834860e-01 5.061498210059339753e-01 8.941999999999999948e-01 8.239999999999999547e-01
2.819647227985955240e-01 5.476608355537073702e-01 8.995999999999999552e-01 8.209999999999999520e-01
2.906893863499058206e-01 5.000400423807027650e-01 9.012000000000000011e-01 8.209999999999999520e-01
2.781038632643112463e-01 5.223229170952358169e-01 9.000000000000000222e-01 8.139999999999999458e-01
2.826378723425208572e-01 5.034903302791661206e-01 8.988000000000000433e-01 8.169999999999999485e-01
3.157771771032198416e-01 5.177952014001052650e-01 8.820000000000000062e-01 8.169999999999999485e-01
2.701027751109523756e-01 5.015218957590780180e-01 9.008000000000000451e-01 8.100000000000000533e-01
