6.258337515796860151e-01 7.049808411660248852e-01 7.391999999999999682e-01 7.149999999999999689e-01
5.275235735459087305e-01 6.059433362347844687e-01 7.933999999999999941e-01 7.590000000000000080e-01
5.581291742749761031e-01 6.460582411613299270e-01 7.880000000000000338e-01 7.500000000000000000e-01
5.205556584058331770e-01 6.558800260691478590e-01 8.142000000000000348e-01 7.800000000000000266e-01
4.866589478409468761e-01 5.930518123072711090e-01 8.237999999999999767e-01 7.770000000000000240e-01
5.182870506933398014e-01 6.473398030784031087e-01 8.045999999999999819e-01 7.580000000000000071e-01
4.343745202482836021e-01 5.590856927770346818e-01 8.474000000000000421e-01 7.950000000000000400e-01
4.384063582869046627e-01 5.779720780883116360e-01 8.467999999999999972e-01 7.890000000000000346e-01
4.258780443359952428e-01 5.653625132570753165e-01 8.356000000000000094e-01 7.870000000000000329e-01
3.639574655290594984e-01 5.023949885760270462e-01 8.661999999999999700e-01 8.179999999999999494e-01
3.559076883364669652e-01 5.037104131470435675e-01 8.564000000000000501e-01 8.139999999999999458e-01
3.380025696902853038e-01 5.151896844079912885e-01 8.723999999999999533e-01 8.149999999999999467e-01
3.305342971718742695e-01 4.614175134887067431e-01 8.748000000000000220e-01 8.219999999999999529e-01
3.648810734997194882e-01 5.534935359738680782e-01 8.608000000000000096e-01 8.040000000000000480e-01
3.506335791043157513e-01 5.079925237865052789e-01 8.689999999999999947e-01 8.050000000000000488e-01
3.498432853307046897e-01 5.009163396141829150e-01 8.678000000000000158e-01 8.129999999999999449e-01
4.155471307905169165e-01 5.951214812316454328e-01 8.391999999999999460e-01 7.730000000000000204e-01
3.544211189652561877e-01 5.314594566200240289e-01 8.703999999999999515e-01 8.100000000000000533e-01
4.089886644484798106e-01 5.481101435602488969e-01 8.427999999999999936e-01 7.930000000000000382e-01
4.000474719568558046e-01 5.642858279435883917e-01 8.376000000000000112e-01 7.930000000000000382e-01
3.063030441870253640e-01 5.073920279092555274e-01 8.811999999999999833e-01 8.189999999999999503e-01
3.137709003426730203e-01 4.957758447680127856e-01 8.810000000000000053e-01 8.179999999999999494e-01
3.265684285187736013e-01 5.261192065873538937e-01 8.728000000000000203e-01 8.050000000000000488e-01
3.748392285794064915e-01 5.494838039174055888e-01 8.611999999999999655e-01 8.020000000000000462e-01
3.174222864613640005e-01 4.658642315155122060e-01 8.786000000000000476e-01 8.319999999999999618e-01
2.860855306310555735e-01 4.833237493295474141e-01 8.931999999999999940e-01 8.239999999999999547e-01
3.289913107566319050e-01 5.761799914811740475e-01 8.721999999999999753e-01 8.070000000000000506e-01
3.240599776848084868e-01 5.007027666979165792e-01 8.821999999999999842e-01 8.149999999999999467e-01
2.985502155562084758e-01 4.829437464996193530e-01 8.920000000000000151e-01 8.269999999999999574e-01
3.398724329815466239e-01 5.719792469302954485e-01 8.689999999999999947e-01 7.970000000000000417e-01
3.766255563733740264e-01 5.512018282970058136e-01 8.659999999999999920e-01 8.159999999999999476e-01
2.954123077729925440e-01 4.564288955403209003e-01 8.931999999999999940e-01 8.279999999999999583e-01
3.689499814081017570e-01 5.216439588592088894e-01 8.608000000000000096e-01 8.030000000000000471e-01
2.829052370735870570e-01 4.856435400925631640e-01 8.933999999999999719e-01 8.269999999999999574e-01
3.434307684628850055e-01 5.802556014171084131e-01 8.699999999999999956e-01 8.070000000000000506e-01
2.862027910284223320e-01 4.875861415926975861e-01 8.915999999999999481e-01 8.139999999999999458e-01
2.904850796195720952e-01 5.090437223682060530e-01 8.913999999999999702e-01 8.229999999999999538e-01
2.716690201786025050e-01 4.847622185423045016e-01 9.038000000000000478e-01 8.219999999999999529e-01
2.700991838529352429e-01 5.034845620018779666e-01 8.920000000000000151e-01 8.179999999999999494e-01
2.730476368892398309e-01 4.373576310749094920e-01 8.950000000000000178e-01 8.279999999999999583e-01
2.571486951395128839e-01 4.735656250754755048e-01 8.990000000000000213e-01 8.259999999999999565e-01
3.381077432529584481e-01 5.798721154356050178e-01 8.816000000000000503e-01 8.070000000000000506e-01
2.815317745400583438e-01 4.830242428310043135e-01 8.958000000000000407e-01 8.289999999999999591e-01
2.810076280220400458e-01 5.860469246463246851e-01 8.961999999999999966e-01 8.179999999999999494e-01
2.776855518359192532e-01 4.780476855776289447e-01 9.053999999999999826e-01 8.249999999999999556e-01
2.846975248796193014e-01 5.313743224996987369e-01 8.868000000000000327e-01 8.110000000000000542e-01
2.708994586974052265e-01 5.141753200569254556e-01 8.981999999999999984e-01 8.249999999999999556e-01
3.101960027873293946e-01 5.351199277162917989e-01 8.741999999999999771e-01 8.090000000000000524e-01
2.739873962915634897e-01 5.154895422600120902e-01 8.930000000000000160e-01 8.279999999999999583e-01
3.264268677523588513e-01 6.029216991131362002e-01 8.659999999999999920e-01 8.060000000000000497e-01
2.647016403367345450e-01 4.901540673013908833e-01 9.005999999999999561e-01 8.219999999999999529e-01
2.762879912534171867e-01 5.244639691963302042e-01 8.945999999999999508e-01 8.169999999999999485e-01
2.490174137225922013e-01 4.762667938736788731e-01 9.038000000000000478e-01 8.269999999999999574e-01
2.977449086448188398e-01 5.082420639674959384e-01 8.836000000000000520e-01 8.179999999999999494e-01
2.490867803502574140e-01 4.883113135850727371e-01 9.098000000000000531e-01 8.369999999999999662e-01
2.918413409928337088e-01 5.415915247559444090e-01 8.895999999999999464e-01 8.199999999999999512e-01
2.418251380299376307e-01 4.208690859406676865e-01 9.088000000000000522e-01 8.419999999999999707e-01
2.685466839774003911e-01 4.900248321289476516e-01 8.975999999999999535e-01 8.259999999999999565e-01
3.079915116268406305e-01 5.239462821543018345e-01 8.818000000000000282e-01 8.110000000000000542e-01
2.942446812105230514e-01 5.908389472826695021e-01 8.921999999999999931e-01 8.050000000000000488e-01
4.126706520296723468e-01 6.448847622533343538e-01 8.276000000000000023e-01 7.790000000000000258e-01
2.765377992934091034e-01 5.211541970122659517e-01 9.013999999999999790e-01 8.090000000000000524e-01
2.842932625766503296e-01 4.838456239154741989e-01 9.008000000000000451e-01 8.209999999999999520e-01
2.592389905737281786e-01 4.758835921477334585e-01 9.030000000000000249e-01 8.479999999999999760e-01
2.508561835924031924e-01 4.733670294470369577e-01 9.095999999999999641e-01 8.329999999999999627e-01
2.641497036697325052e-01 5.070721467806378335e-01 9.040000000000000258e-01 8.359999999999999654e-01
2.720486473698510155e-01 4.928064074312547005e-01 8.981999999999999984e-01 8.269999999999999574e-01
2.446448566618835141e-01 4.316912038307731403e-01 9.100000000000000311e-01 8.419999999999999707e-01
2.779423009542711931e-01 5.717831252622973537e-01 8.903999999999999693e-01 8.060000000000000497e-01
2.369793034156012224e-01 4.463499634996718202e-01 9.103999999999999870e-01 8.329999999999999627e-01
2.785952000759741587e-01 5.490271844332480500e-01 8.970000000000000195e-01 8.100000000000000533e-01
3.332245993601502532e-01 6.227719407333920376e-01 8.748000000000000220e-01 8.010000000000000453e-01
2.874583477942199150e-01 5.287103555657899356e-01 8.958000000000000407e-01 8.329999999999999627e-01
2.262600402224010931e-01 4.479093136546568044e-01 9.170000000000000373e-01 8.289999999999999591e-01
2.415690873796718652e-01 4.622967370374991836e-01 9.103999999999999870e-01 8.329999999999999627e-01
2.839187927122094890e-01 4.771781026767121237e-01 8.800000000000000044e-01 8.229999999999999538e-01
2.609124404096904715e-01 5.211037687589689105e-01 9.005999999999999561e-01 8.229999999999999538e-01
2.026668850056554949e-01 4.639430024833060551e-01 9.240000000000000435e-01 8.459999999999999742e-01
2.491038379930945734e-01 4.843259159212655041e-01 9.088000000000000522e-01 8.389999999999999680e-01
2.566409791754545866e-01 5.217937083551955624e-01 9.028000000000000469e-01 8.209999999999999520e-01
2.376902230960601103e-01 4.784378447037221371e-01 9.092000000000000082e-01 8.309999999999999609e-01
2.566556895634506952e-01 4.620218148823688753e-01 8.993999999999999773e-01 8.289999999999999591e-01
2.686704187620559958e-01 4.792223404721734359e-01 9.035999999999999588e-01 8.259999999999999565e-01
2.356903656259500268e-01 4.714337209862437539e-01 9.145999999999999686e-01 8.319999999999999618e-01
3.038460128165312857e-01 5.358228456986480204e-01 8.830000000000000071e-01 8.030000000000000471e-01
2.469836746570433228e-01 5.042000070289179847e-01 9.110000000000000320e-01 8.289999999999999591e-01
2.716386594538680588e-01 5.292304499447122446e-01 8.895999999999999464e-01 8.139999999999999458e-01
3.366193728002949692e-01 6.087824307227849285e-01 8.676000000000000378e-01 7.920000000000000373e-01
2.367685447625021977e-01 4.888459512921782824e-01 9.177999999999999492e-01 8.219999999999999529e-01
2.407873661965191370e-01 5.018194005355696152e-01 9.088000000000000522e-01 8.289999999999999591e-01
2.788730123764267543e-01 5.334848176704690692e-01 8.830000000000000071e-01 8.209999999999999520e-01
2.471159386398449898e-01 4.765752643323183935e-01 9.023999999999999799e-01 8.249999999999999556e-01
2.257724061484006617e-01 4.907542101888954789e-01 9.147999999999999465e-01 8.339999999999999636e-01
2.906924082175108004e-01 5.826806405081174089e-01 8.908000000000000362e-01 8.090000000000000524e-01
2.406539066397239413e-01 4.771120921135967863e-01 9.145999999999999686e-01 8.239999999999999547e-01
2.181103829584465637e-01 4.835690584139675785e-01 9.250000000000000444e-01 8.449999999999999734e-01
2.389549160186164589e-01 4.929431988246344432e-01 9.093999999999999861e-01 8.309999999999999609e-01
2.442636990432825728e-01 4.808452441517900300e-01 9.063999999999999835e-01 8.229999999999999538e-01
2.394960386719970358e-01 5.051572876971265336e-01 9.070000000000000284e-01 8.279999999999999583e-01
2.657810080820200982e-01 5.312376660410952356e-01 9.005999999999999561e-01 8.129999999999999449e-01
2.373750427348122194e-01 4.980093436106315941e-01 9.122000000000000108e-01 8.389999999999999680e-01
2.695769558735123250e-01 4.973479096548349965e-01 8.955999999999999517e-01 8.409999999999999698e-01
2.286313300357981360e-01 5.232049187304989024e-01 9.088000000000000522e-01 8.319999999999999618e-01
2.822560005122735638e-01 5.574395968759970899e-01 8.940000000000000169e-01 8.209999999999999520e-01
2.238449699437486673e-01 4.445082580545408613e-01 9.190000000000000391e-01 8.409999999999999698e-01
2.434024712180294092e-01 5.020493117260550475e-01 9.020000000000000240e-01 8.090000000000000524e-01
2.926429030330840453e-01 5.848861132784156647e-01 9.093999999999999861e-01 8.279999999999999583e-01
2.887579318000640383e-01 4.877229458490861536e-01 8.918000000000000371e-01 8.279999999999999583e-01
2.346835960841385793e-01 4.359797889235732526e-01 9.137999999999999456e-01 8.359999999999999654e-01
2.544098102314984455e-01 4.654767011833819135e-01 9.112000000000000099e-01 8.399999999999999689e-01
2.868408361212984037e-01 5.045748023752781863e-01 8.908000000000000362e-01 8.090000000000000524e-01
2.918922374725728131e-01 5.394577378300109416e-01 8.871999999999999886e-01 8.159999999999999476e-01
2.708638294811266944e-01 5.013093204311449558e-01 8.923999999999999710e-01 8.179999999999999494e-01
2.707056507971498660e-01 5.372304568507886291e-01 9.010000000000000231e-01 8.169999999999999485e-01
2.123128542184992418e-01 4.422806821683747946e-01 9.242000000000000215e-01 8.449999999999999734e-01
3.284322718255922036e-01 6.537866949868138544e-01 8.913999999999999702e-01 8.090000000000000524e-01
2.575681903221634372e-01 5.351611690078297290e-01 9.095999999999999641e-01 8.339999999999999636e-01
3.124764150247542616e-01 5.067310888519422907e-01 8.693999999999999506e-01 8.149999999999999467e-01
2.269440913461011067e-01 5.061975437657069143e-01 9.207999999999999519e-01 8.289999999999999591e-01
2.347020409694976495e-01 4.830705305352282486e-01 9.062000000000000055e-01 8.259999999999999565e-01
2.644282000685218570e-01 5.196553015994455071e-01 8.990000000000000213e-01 8.249999999999999556e-01
2.624671458661063106e-01 5.969666900907221185e-01 9.042000000000000037e-01 8.199999999999999512e-01
2.624865121494459608e-01 5.240061615726951949e-01 8.978000000000000425e-01 8.249999999999999556e-01
2.398922963611112569e-01 4.993169955559255691e-01 9.080000000000000293e-01 8.309999999999999609e-01
2.431640485221636117e-01 5.550010328903128842e-01 9.015999999999999570e-01 8.149999999999999467e-01
2.016456384440072080e-01 4.691445518003850013e-01 9.254000000000000004e-01 8.329999999999999627e-01
2.439819682642129506e-01 5.017950314757332331e-01 9.187999999999999501e-01 8.279999999999999583e-01
2.921883609672616400e-01 5.502070364661088009e-01 8.908000000000000362e-01 8.149999999999999467e-01
2.274485081316804103e-01 4.511814694712609208e-01 9.190000000000000391e-01 8.389999999999999680e-01
2.313332416848504214e-01 5.191310736221296240e-01 9.113999999999999879e-01 8.269999999999999574e-01
2.777927763839737052e-01 5.240753848721677599e-01 8.960000000000000187e-01 8.159999999999999476e-01
2.505013748436809018e-01 5.381655352528149638e-01 9.115999999999999659e-01 8.219999999999999529e-01
2.305709662554111250e-01 4.690273311150524038e-01 9.125999999999999668e-01 8.239999999999999547e-01
3.018863163467568334e-01 5.438842343903439458e-01 8.820000000000000062e-01 8.040000000000000480e-01
2.427565829734802672e-01 4.976992647774555190e-01 9.075999999999999623e-01 8.379999999999999671e-01
2.861899252081448464e-01 5.194677259803440750e-01 8.883999999999999675e-01 8.159999999999999476e-01
2.823000671101705272e-01 5.208008661466849709e-01 8.898000000000000353e-01 8.110000000000000542e-01
2.338221583828347661e-01 4.884161680098884628e-01 9.078000000000000513e-01 8.319999999999999618e-01
2.914344952147430168e-01 5.323577262647603003e-01 8.943999999999999728e-01 8.199999999999999512e-01
2.538492759257512943e-01 4.682216513151121196e-01 9.105999999999999650e-01 8.339999999999999636e-01
2.130784658244759266e-01 4.819925784935140678e-01 9.197999999999999510e-01 8.409999999999999698e-01
2.774946506946462388e-01 5.661335825453222004e-01 9.023999999999999799e-01 8.169999999999999485e-01
2.334842880582553293e-01 4.528793797615650041e-01 9.192000000000000171e-01 8.269999999999999574e-01
2.555753980711940043e-01 5.145254197642336047e-01 9.082000000000000073e-01 8.179999999999999494e-01
2.768286601916385425e-01 5.714665717157921820e-01 8.925999999999999490e-01 8.149999999999999467e-01
2.536534264216622203e-01 5.050138609427583525e-01 9.022000000000000020e-01 8.209999999999999520e-01
2.716301176193188227e-01 5.535463632103950760e-01 8.965999999999999526e-01 8.179999999999999494e-01
2.559499350578476884e-01 5.535895229127854034e-01 9.068000000000000504e-01 8.309999999999999609e-01
2.324842917947138599e-01 5.089471716226889875e-01 9.153999999999999915e-01 8.179999999999999494e-01
2.163946851520354431e-01 4.947686761635632369e-01 9.170000000000000373e-01 8.339999999999999636e-01
2.897281354346006310e-01 5.763478700581559089e-01 8.918000000000000371e-01 8.090000000000000524e-01
2.155276778523531056e-01 4.591066311188841120e-01 9.243999999999999995e-01 8.389999999999999680e-01
2.587665328386770103e-01 5.884977452196915593e-01 9.100000000000000311e-01 8.159999999999999476e-01
2.500348466524285884e-01 5.356370816722203498e-01 9.080000000000000293e-01 8.299999999999999600e-01
2.324837096978656648e-01 5.355510499866760199e-01 9.110000000000000320e-01 8.289999999999999591e-01
2.228423573425492576e-01 5.229149967692975354e-01 9.225999999999999757e-01 8.229999999999999538e-01
2.489486684622103374e-01 5.821924879579060130e-01 9.197999999999999510e-01 8.209999999999999520e-01
2.312835824608877322e-01 4.903315414767001612e-01 9.115999999999999659e-01 8.289999999999999591e-01
2.334784593415495657e-01 5.135502377558905929e-01 9.142000000000000126e-01 8.289999999999999591e-01
2.712168811094177734e-01 5.476775749916569236e-01 8.940000000000000169e-01 8.080000000000000515e-01
2.611583610330116545e-01 5.468413921419527091e-01 9.060000000000000275e-01 8.139999999999999458e-01
2.077660325834516652e-01 4.739180708007572629e-01 9.180000000000000382e-01 8.229999999999999538e-01
2.545044885159213899e-01 5.083910808472411613e-01 9.060000000000000275e-01 8.299999999999999600e-01
2.119146652491203930e-01 4.728156190887596311e-01 9.195999999999999730e-01 8.359999999999999654e-01
2.646170915551654401e-01 5.041208432884167756e-01 8.995999999999999552e-01 8.249999999999999556e-01
3.151949089604447196e-01 6.150115652641200414e-01 8.810000000000000053e-01 8.000000000000000444e-01
2.575170175709631804e-01 4.686188001752311094e-01 9.043999999999999817e-01 8.389999999999999680e-01
2.338947423437787165e-01 5.122844084428472833e-01 9.092000000000000082e-01 8.189999999999999503e-01
2.600147728360432398e-01 6.073631589968169209e-01 9.032000000000000028e-01 8.040000000000000480e-01
2.213145231616613362e-01 5.070788796952037103e-01 9.165999999999999703e-01 8.319999999999999618e-01
2.650375613671131503e-01 5.719286490836623660e-01 8.933999999999999719e-01 8.229999999999999538e-01
2.272022067516432375e-01 4.857757332052362043e-01 9.135999999999999677e-01 8.359999999999999654e-01
2.115249452861650836e-01 4.768106370152382922e-01 9.247999999999999554e-01 8.309999999999999609e-01
2.544203799563423685e-01 5.007545885292625787e-01 8.923999999999999710e-01 8.339999999999999636e-01
2.291711863044243735e-01 4.794372060252068968e-01 9.177999999999999492e-01 8.339999999999999636e-01
3.295689278441086834e-01 5.837540339519614596e-01 8.688000000000000167e-01 8.040000000000000480e-01
2.266644020623195532e-01 4.529310254082286047e-01 9.137999999999999456e-01 8.459999999999999742e-01
2.865518374670551482e-01 5.313372412082516538e-01 8.955999999999999517e-01 8.239999999999999547e-01
3.630535179962200987e-01 6.664013501637900960e-01 8.589999999999999858e-01 7.790000000000000258e-01
3.228498239776048662e-01 5.346744321870052774e-01 8.786000000000000476e-01 8.199999999999999512e-01
2.497039791656933683e-01 5.510593130721751498e-01 9.108000000000000540e-01 8.129999999999999449e-01
3.001284366601136844e-01 6.087813290355151841e-01 8.888000000000000345e-01 8.070000000000000506e-01
2.883845790899914330e-01 5.795050361207854106e-01 8.951999999999999957e-01 8.229999999999999538e-01
2.418337024020181247e-01 4.943953394033780979e-01 9.060000000000000275e-01 8.249999999999999556e-01
2.528492012933688526e-01 5.306556727532031337e-01 9.042000000000000037e-01 8.249999999999999556e-01
2.395351206510510644e-01 5.098012163396657970e-01 9.118000000000000549e-01 8.289999999999999591e-01
2.251347824706434464e-01 4.779027825727021339e-01 9.182000000000000162e-01 8.329999999999999627e-01
3.041486652264676072e-01 5.474504686517587260e-01 8.843999999999999639e-01 8.010000000000000453e-01
2.214465653599106965e-01 5.099140329066398358e-01 9.163999999999999924e-01 8.279999999999999583e-01
2.699360263356164746e-01 5.691890161925492464e-01 9.002000000000000002e-01 8.110000000000000542e-01
2.954271589339068083e-01 5.757093597707262367e-01 8.903999999999999693e-01 8.139999999999999458e-01
2.774164108312743293e-01 5.395214523702670517e-01 8.890000000000000124e-01 8.030000000000000471e-01
2.678051392626601412e-01 5.056296633043408928e-01 8.965999999999999526e-01 8.209999999999999520e-01
3.179653361518096077e-01 5.384681507979329762e-01 8.773999999999999577e-01 8.030000000000000471e-01
2.779763172625580592e-01 6.081370299405325364e-01 9.005999999999999561e-01 8.129999999999999449e-01
2.763968996269289824e-01 5.018115289393266787e-01 8.955999999999999517e-01 8.169999999999999485e-01
2.690214417644170020e-01 5.040817984513943362e-01 8.963999999999999746e-01 8.169999999999999485e-01
2.670234485738293140e-01 5.468995245022599816e-01 9.022000000000000020e-01 8.219999999999999529e-01
2.697124572257861286e-01 5.657482954928541030e-01 8.933999999999999719e-01 8.040000000000000480e-01
2.753330409695827763e-01 5.384160661894915600e-01 8.991999999999999993e-01 8.179999999999999494e-01
2.779322461614839312e-01 5.093821316768685215e-01 8.995999999999999552e-01 8.070000000000000506e-01
2.726384860596138271e-01 5.523744526403709942e-01 8.958000000000000407e-01 8.110000000000000542e-01
2.334624802067361560e-01 4.883473639663317156e-01 9.155999999999999694e-01 8.319999999999999618e-01
2.602181879066705616e-01 5.101327174410943410e-01 9.155999999999999694e-01 8.319999999999999618e-01
4.102053279532869023e-01 6.356376451813231521e-01 8.571999999999999620e-01 7.970000000000000417e-01
2.649042034419489267e-01 5.202145846471156743e-01 8.963999999999999746e-01 8.120000000000000551e-01
2.525036130721905470e-01 5.045310356166721188e-01 9.080000000000000293e-01 8.239999999999999547e-01
2.279561671839740455e-01 4.691554494758407579e-01 9.230000000000000426e-01 8.339999999999999636e-01
2.807043056589755836e-01 5.916161254867525754e-01 8.931999999999999940e-01 8.129999999999999449e-01
2.298749238789124238e-01 4.635900711675831620e-01 9.145999999999999686e-01 8.379999999999999671e-01
2.685803874301622707e-01 5.581355270418887349e-01 9.035999999999999588e-01 8.020000000000000462e-01
2.615352283418291290e-01 5.565337101742700021e-01 9.040000000000000258e-01 8.120000000000000551e-01
2.780428122286740522e-01 5.123932474238215296e-01 8.870000000000000107e-01 8.000000000000000444e-01
2.759779371915396795e-01 5.426000182128772886e-01 8.978000000000000425e-01 8.209999999999999520e-01
2.334549121836321239e-01 4.849150875409996009e-01 9.140000000000000346e-01 8.429999999999999716e-01
2.246372142760838519e-01 4.810928621374867542e-01 9.172000000000000153e-01 8.259999999999999565e-01
2.852961773275555224e-01 6.040432292165582862e-01 9.002000000000000002e-01 8.020000000000000462e-01
3.154368355042334593e-01 6.103279274311660396e-01 8.850000000000000089e-01 8.139999999999999458e-01
2.830774682525543651e-01 5.697498681715141844e-01 8.961999999999999966e-01 8.090000000000000524e-01
2.469127239925376638e-01 4.956586349801276881e-01 9.065999999999999615e-01 8.239999999999999547e-01
2.686934544366366140e-01 4.947035238160142345e-01 9.015999999999999570e-01 8.219999999999999529e-01
2.494053153655136634e-01 5.319256529882345763e-01 9.090000000000000302e-01 8.229999999999999538e-01
2.608610172776256175e-01 4.985765527446134326e-01 9.035999999999999588e-01 8.219999999999999529e-01
2.964451524186720310e-01 4.971214795946276577e-01 8.918000000000000371e-01 8.149999999999999467e-01
2.230562607457705904e-01 5.087537592900628347e-01 9.152000000000000135e-01 8.309999999999999609e-01
2.983699283136048153e-01 5.670514327314082337e-01 8.868000000000000327e-01 8.169999999999999485e-01
2.394360697821531492e-01 5.012150158999425509e-01 9.095999999999999641e-01 8.229999999999999538e-01
2.098180971100845893e-01 4.463210381908732649e-01 9.255999999999999783e-01 8.359999999999999654e-01
2.743049364330517048e-01 5.425262393928418359e-01 8.910000000000000142e-01 8.090000000000000524e-01
2.609766814807666369e-01 5.192536806397840543e-01 9.020000000000000240e-01 8.269999999999999574e-01
2.442184181702795331e-01 5.404928543721235767e-01 9.063999999999999835e-01 8.169999999999999485e-01
2.893990547476346098e-01 5.564767379174554440e-01 8.870000000000000107e-01 8.060000000000000497e-01
2.395576393872867749e-01 4.810797318843497705e-01 9.132000000000000117e-01 8.349999999999999645e-01
3.055791608530892267e-01 5.596205715661458635e-01 8.638000000000000123e-01 8.050000000000000488e-01
4.271974178342787254e-01 6.585042427799701059e-01 8.277999999999999803e-01 7.700000000000000178e-01
3.481359184697963571e-01 6.596124162249069611e-01 8.836000000000000520e-01 8.050000000000000488e-01
2.656066431112431014e-01 5.487289412716688242e-01 9.110000000000000320e-01 8.100000000000000533e-01
2.982040350176372590e-01 5.513234005591682863e-01 8.778000000000000247e-01 8.050000000000000488e-01
2.559442999553642739e-01 5.314210424794039156e-01 9.028000000000000469e-01 8.229999999999999538e-01
2.422272356278235284e-01 4.875466945002360775e-01 9.137999999999999456e-01 8.259999999999999565e-01
2.490218795645300909e-01 5.495199148478254747e-01 9.082000000000000073e-01 8.149999999999999467e-01
2.376564390752920197e-01 4.696395242778887424e-01 9.130000000000000338e-01 8.309999999999999609e-01
3.229094898375322042e-01 5.342563065794365684e-01 8.633999999999999453e-01 8.189999999999999503e-01
2.891705865444710866e-01 5.882149592339261934e-01 8.961999999999999966e-01 8.080000000000000515e-01
2.782469124517993331e-01 5.035444152310200039e-01 8.958000000000000407e-01 8.239999999999999547e-01
2.340665600588295592e-01 5.091825106473155671e-01 9.163999999999999924e-01 8.229999999999999538e-01
2.758066566684952425e-01 5.126336821717829562e-01 8.925999999999999490e-01 8.189999999999999503e-01
3.338826806267763958e-01 5.475443938559525492e-01 8.701999999999999735e-01 7.880000000000000338e-01
2.492430475503104315e-01 4.908733275599658219e-01 9.105999999999999650e-01 8.259999999999999565e-01
3.834773441414927597e-01 6.835541523432322464e-01 8.639999999999999902e-01 7.770000000000000240e-01
2.564586503052446731e-01 5.515976846568422243e-01 9.040000000000000258e-01 8.259999999999999565e-01
3.286504922141278429e-01 5.851248536038051729e-01 8.875999999999999446e-01 7.870000000000000329e-01
3.306810692527012985e-01 5.467820523993078830e-01 8.676000000000000378e-01 8.010000000000000453e-01
2.441346570152796991e-01 4.852563984107900463e-01 9.143999999999999906e-01 8.319999999999999618e-01
2.377110343013516258e-01 4.603288886951500958e-01 9.147999999999999465e-01 8.269999999999999574e-01
2.692151905040233162e-01 5.407182297470168875e-01 8.985999999999999543e-01 8.139999999999999458e-01
2.941338486076733871e-01 5.433168873466583948e-01 8.816000000000000503e-01 7.940000000000000391e-01
2.565521967138910675e-01 4.730224771147533702e-01 9.153999999999999915e-01 8.259999999999999565e-01
2.845899711601247994e-01 5.453340964684689762e-01 9.030000000000000249e-01 8.149999999999999467e-01
2.694440356078243171e-01 5.427649859468699489e-01 8.961999999999999966e-01 8.110000000000000542e-01
2.941656111258250106e-01 5.466111740003050112e-01 8.870000000000000107e-01 8.060000000000000497e-01
2.834420297160861746e-01 5.090783652212860222e-01 8.863999999999999657e-01 8.120000000000000551e-01
2.424701629778728273e-01 5.043710748383705145e-01 9.123999999999999888e-01 8.229999999999999538e-01
2.824233146980881792e-01 5.223710831981335234e-01 9.003999999999999782e-01 8.139999999999999458e-01
2.815517975189250066e-01 5.304231691607422805e-01 8.975999999999999535e-01 8.040000000000000480e-01
2.507979229230123397e-01 5.649847452950000903e-01 9.095999999999999641e-01 8.159999999999999476e-01
2.985974429011434284e-01 5.952825001019773632e-01 8.866000000000000547e-01 7.880000000000000338e-01
2.249244085197375231e-01 4.945221059017348986e-01 9.170000000000000373e-01 8.249999999999999556e-01
2.671071403950639467e-01 5.077987897165482378e-01 9.062000000000000055e-01 8.189999999999999503e-01
2.742323071029925119e-01 5.086126189945276987e-01 9.073999999999999844e-01 8.169999999999999485e-01
2.600766490138505249e-01 5.271346652315005432e-01 9.042000000000000037e-01 8.179999999999999494e-01
3.284649302577744567e-01 5.525937840989851857e-01 8.554000000000000492e-01 7.870000000000000329e-01
3.175958668899819815e-01 5.479202095082479351e-01 8.821999999999999842e-01 8.080000000000000515e-01
3.114807123799962496e-01 4.997510594839443265e-01 8.970000000000000195e-01 8.169999999999999485e-01
2.630133932193597368e-01 4.900988425174238050e-01 9.013999999999999790e-01 8.110000000000000542e-01
2.794306081502027639e-01 5.670801171753562242e-01 8.921999999999999931e-01 8.129999999999999449e-01
3.155621881110873272e-01 5.734670833596280382e-01 8.851999999999999869e-01 8.189999999999999503e-01
2.549003426978303510e-01 4.904737527233338779e-01 9.142000000000000126e-01 8.289999999999999591e-01
2.624301647773213397e-01 5.219153323355839591e-01 9.020000000000000240e-01 8.110000000000000542e-01
2.878133177867142067e-01 5.800602307577182870e-01 8.958000000000000407e-01 8.000000000000000444e-01
2.758046098407465063e-01 5.195815791638151993e-01 9.078000000000000513e-01 8.309999999999999609e-01
2.818542637331457601e-01 4.972459929632195297e-01 8.985999999999999543e-01 8.199999999999999512e-01
2.855878567370691568e-01 5.486106920078962501e-01 8.943999999999999728e-01 8.249999999999999556e-01
3.382244626397056253e-01 6.282052123879543482e-01 8.898000000000000353e-01 7.950000000000000400e-01
2.599099406384000055e-01 4.577066381821244812e-01 9.083999999999999853e-01 8.259999999999999565e-01
2.772711596329933692e-01 5.635401916017569457e-01 9.012000000000000011e-01 8.189999999999999503e-01
3.098658461793097341e-01 5.560573001913473590e-01 8.883999999999999675e-01 8.149999999999999467e-01
3.102124745844418441e-01 5.849248564800334504e-01 8.880000000000000115e-01 8.159999999999999476e-01
2.737658666867925361e-01 5.386133105836394819e-01 8.965999999999999526e-01 7.990000000000000435e-01
2.716717718648549718e-01 4.743698982316008061e-01 9.010000000000000231e-01 8.219999999999999529e-01
3.258285255404824166e-01 5.642115250500604473e-01 8.718000000000000194e-01 8.050000000000000488e-01
2.771367926273097249e-01 4.713308476633205624e-01 9.088000000000000522e-01 8.199999999999999512e-01
2.866153014409228428e-01 5.922955530253848355e-01 8.958000000000000407e-01 8.080000000000000515e-01
2.481828194682261790e-01 5.293839796091720507e-01 9.090000000000000302e-01 8.199999999999999512e-01
2.926207771157651183e-01 5.421722691228625379e-01 8.850000000000000089e-01 7.970000000000000417e-01
2.847258237701787431e-01 5.414686265032789825e-01 8.938000000000000389e-01 8.179999999999999494e-01
2.848411123708807224e-01 6.726669742986470801e-01 8.873999999999999666e-01 8.169999999999999485e-01
2.870642173412784048e-01 5.214433217407542509e-01 8.870000000000000107e-01 8.120000000000000551e-01
3.175294222745806416e-01 5.165433955426622648e-01 8.830000000000000071e-01 8.080000000000000515e-01
3.332496787663694615e-01 5.870926029634477850e-01 8.719999999999999973e-01 7.970000000000000417e-01
2.776084437777365799e-01 5.035434630646240528e-01 8.965999999999999526e-01 8.149999999999999467e-01
2.608081616189316665e-01 4.754355222405007297e-01 9.050000000000000266e-01 8.319999999999999618e-01
2.724383189080467615e-01 4.928197337611123774e-01 8.975999999999999535e-01 8.229999999999999538e-01
2.641363147522893806e-01 5.006258208505839358e-01 9.098000000000000531e-01 8.259999999999999565e-01
2.801834257788508031e-01 5.073710267013294972e-01 9.032000000000000028e-01 8.379999999999999671e-01
3.023956748956829199e-01 5.848325187549953119e-01 8.885999999999999455e-01 8.050000000000000488e-01
3.093178198621400754e-01 5.846909019647503758e-01 8.866000000000000547e-01 8.070000000000000506e-01
2.756587274768035889e-01 5.293401360575874515e-01 8.988000000000000433e-01 8.229999999999999538e-01
2.878887049257198849e-01 5.031507113868379788e-01 8.910000000000000142e-01 8.299999999999999600e-01
3.480922061673612511e-01 6.226231425559120014e-01 8.920000000000000151e-01 8.110000000000000542e-01
2.666856725661320704e-01 4.927939514035454271e-01 9.150000000000000355e-01 8.239999999999999547e-01
2.643224928697421316e-01 5.283899677140796447e-01 9.090000000000000302e-01 8.239999999999999547e-01
2.424548640250608622e-01 4.850612382618328944e-01 9.183999999999999941e-01 8.389999999999999680e-01
2.330794814702387141e-01 5.254349902530912608e-01 9.153999999999999915e-01 8.159999999999999476e-01
2.664607271649871989e-01 5.694439621936574492e-01 9.048000000000000487e-01 8.110000000000000542e-01
3.027273433835062089e-01 5.419468989375879620e-01 8.848000000000000309e-01 8.050000000000000488e-01
3.353402146642697756e-01 6.214110122785905244e-01 8.768000000000000238e-01 7.860000000000000320e-01
2.386525307141499075e-01 4.878719439103103017e-01 9.108000000000000540e-01 8.279999999999999583e-01
2.705490078926646724e-01 5.162687341262732765e-01 9.058000000000000496e-01 8.349999999999999645e-01
2.910478038185323468e-01 5.700687400252643089e-01 8.908000000000000362e-01 8.209999999999999520e-01
2.739078687593733408e-01 5.201408438094834441e-01 8.991999999999999993e-01 8.070000000000000506e-01
2.409887312900984291e-01 4.595648575510505318e-01 9.115999999999999659e-01 8.419999999999999707e-01
2.582388309502676171e-01 4.650030287152676634e-01 9.098000000000000531e-01 8.259999999999999565e-01
2.586976603145585418e-01 4.907011220528118001e-01 9.042000000000000037e-01 8.120000000000000551e-01
2.859390888167150924e-01 5.001085310546740104e-01 8.913999999999999702e-01 8.209999999999999520e-01
2.337098779496682710e-01 5.366758274447049892e-01 9.155999999999999694e-01 8.319999999999999618e-01
2.378172016428184155e-01 4.559765696813278812e-01 9.060000000000000275e-01 8.329999999999999627e-01
2.308005426366113166e-01 4.886486658494815227e-01 9.127999999999999448e-01 8.269999999999999574e-01
2.960949859675512941e-01 5.646414065949321159e-01 8.955999999999999517e-01 8.060000000000000497e-01
2.490784825134928770e-01 4.827820974966270384e-01 9.073999999999999844e-01 8.249999999999999556e-01
2.895355173680325689e-01 4.735165494777660022e-01 8.983999999999999764e-01 8.279999999999999583e-01
3.086618184852810143e-01 5.122357706548057443e-01 8.768000000000000238e-01 7.980000000000000426e-01
2.709088601310907229e-01 4.994354096433940016e-01 9.045999999999999597e-01 8.329999999999999627e-01
2.701199112432871585e-01 4.908006322277521094e-01 8.990000000000000213e-01 8.179999999999999494e-01
3.112735103255236946e-01 5.628505558530755293e-01 8.800000000000000044e-01 8.179999999999999494e-01
2.549028758623747559e-01 4.737547941480481639e-01 9.100000000000000311e-01 8.259999999999999565e-01
2.900566283603855933e-01 5.070637721746034110e-01 9.085999999999999632e-01 8.219999999999999529e-01
2.940313903960169450e-01 5.185048743215814326e-01 8.903999999999999693e-01 8.159999999999999476e-01
2.862984567718231954e-01 4.758322106828476450e-01 8.883999999999999675e-01 8.189999999999999503e-01
2.482229846416811048e-01 5.260470207146280552e-01 9.028000000000000469e-01 8.139999999999999458e-01
3.290707345622700952e-01 5.516480098509252139e-01 8.706000000000000405e-01 7.910000000000000364e-01
2.573332123419855844e-01 5.100861129532981986e-01 9.053999999999999826e-01 8.209999999999999520e-01
2.803193654627640918e-01 4.964159457895938043e-01 8.963999999999999746e-01 8.299999999999999600e-01
2.749433419713211979e-01 5.064643236877151011e-01 9.068000000000000504e-01 8.229999999999999538e-01
2.439128654276160046e-01 5.042241153390210062e-01 9.088000000000000522e-01 8.209999999999999520e-01
2.787838016159279730e-01 5.003935023401611115e-01 8.965999999999999526e-01 8.269999999999999574e-01
2.770672255244883697e-01 5.167023646398968273e-01 9.040000000000000258e-01 8.129999999999999449e-01
2.373143613534393903e-01 4.880399707336298132e-01 9.137999999999999456e-01 8.249999999999999556e-01
2.685434852017196117e-01 5.673997822367252697e-01 9.008000000000000451e-01 8.149999999999999467e-01
2.988686318830773292e-01 5.045593236886080080e-01 8.890000000000000124e-01 8.149999999999999467e-01
2.566948163197010357e-01 4.772383943155767971e-01 9.082000000000000073e-01 8.279999999999999583e-01
2.526611912338822541e-01 5.111224408959708088e-01 9.095999999999999641e-01 8.249999999999999556e-01
3.001888834245350357e-01 5.406606008263060703e-01 8.758000000000000229e-01 8.159999999999999476e-01
2.483869276449107433e-01 5.122645912809105084e-01 9.078000000000000513e-01 8.139999999999999458e-01
2.972688744139817540e-01 5.104569790293109754e-01 8.925999999999999490e-01 8.050000000000000488e-01
3.279464296152883596e-01 5.391781943962045132e-01 8.833999999999999631e-01 8.129999999999999449e-01
2.734409930332106775e-01 5.212114235555647124e-01 8.965999999999999526e-01 8.149999999999999467e-01
3.441681337019195097e-01 6.220614284236294367e-01 8.618000000000000105e-01 7.880000000000000338e-01
3.419104530776222450e-01 5.949110832150258377e-01 8.716000000000000414e-01 7.970000000000000417e-01
2.798507816934305281e-01 5.243965817450944034e-01 9.023999999999999799e-01 8.129999999999999449e-01
2.636921608337132183e-01 5.106612942467437799e-01 9.035999999999999588e-01 8.100000000000000533e-01
3.053738559451956713e-01 5.210514310236865620e-01 8.790000000000000036e-01 8.040000000000000480e-01
2.970528966562687723e-01 5.888169749493652461e-01 8.860000000000000098e-01 8.050000000000000488e-01
2.629968672993551193e-01 4.949621943302606186e-01 8.973999999999999755e-01 8.120000000000000551e-01
2.323703875514896988e-01 4.554829704291734060e-01 9.150000000000000355e-01 8.319999999999999618e-01
3.617039886015371297e-01 6.326401466911676374e-01 8.581999999999999629e-01 7.940000000000000391e-01
3.645191601452097419e-01 6.124775328596799850e-01 8.619999999999999885e-01 7.890000000000000346e-01
2.908662897630606703e-01 4.857114331183103317e-01 8.925999999999999490e-01 8.249999999999999556e-01
3.018439716112944482e-01 5.238544565748095572e-01 8.928000000000000380e-01 8.120000000000000551e-01
3.207380401056143526e-01 5.010968337675718587e-01 8.943999999999999728e-01 8.349999999999999645e-01
2.952505294522353441e-01 5.492930040124149871e-01 8.943999999999999728e-01 8.199999999999999512e-01
2.670878766951494399e-01 4.890187733307798656e-01 9.042000000000000037e-01 8.279999999999999583e-01
3.385097001262018512e-01 5.457373835976117027e-01 8.726000000000000423e-01 8.030000000000000471e-01
3.577815754465792364e-01 5.883430691592396178e-01 8.646000000000000352e-01 7.920000000000000373e-01
3.394390488739277290e-01 5.889858760922376257e-01 8.739999999999999991e-01 8.010000000000000453e-01
3.332533514916071193e-01 5.239953121463646335e-01 8.689999999999999947e-01 8.110000000000000542e-01
3.619243031813837441e-01 5.547372907540791820e-01 8.457999999999999963e-01 7.870000000000000329e-01
3.256393599601347111e-01 5.265327523444168767e-01 8.900000000000000133e-01 8.090000000000000524e-01
3.419178677656469212e-01 5.604021822171592060e-01 8.653999999999999471e-01 8.040000000000000480e-01
3.755338943772232874e-01 5.775945761601332107e-01 8.529999999999999805e-01 7.780000000000000249e-01
3.078638312534657251e-01 5.318353509467569351e-01 8.846000000000000529e-01 8.000000000000000444e-01
3.355226685900644101e-01 5.578017857188877215e-01 8.776000000000000467e-01 7.920000000000000373e-01
3.601247704419796580e-01 5.790061399623671612e-01 8.518000000000000016e-01 7.890000000000000346e-01
3.001102412021222632e-01 4.980389151363472933e-01 8.860000000000000098e-01 8.269999999999999574e-01
2.954596866862883031e-01 5.377912615769039339e-01 8.913999999999999702e-01 8.139999999999999458e-01
2.755501753942081189e-01 5.180687583163177123e-01 9.003999999999999782e-01 8.120000000000000551e-01
2.641061720580410999e-01 4.759329708866506525e-01 8.990000000000000213e-01 8.279999999999999583e-01
2.836701910713020358e-01 5.345309865665321958e-01 8.911999999999999922e-01 8.050000000000000488e-01
3.003937339782244420e-01 5.718719956515431191e-01 8.836000000000000520e-01 8.070000000000000506e-01
2.651146496468529401e-01 5.103378951775098260e-01 9.080000000000000293e-01 8.259999999999999565e-01
2.346640295569704382e-01 5.050827255925468551e-01 9.163999999999999924e-01 8.159999999999999476e-01
2.749988663875082562e-01 4.921399072055451240e-01 8.975999999999999535e-01 8.149999999999999467e-01
2.928587365341364657e-01 4.917474346915880479e-01 8.940000000000000169e-01 8.249999999999999556e-01
2.487083318999821213e-01 5.121014817448489298e-01 9.072000000000000064e-01 8.249999999999999556e-01
2.713074386854994469e-01 5.790884149471456910e-01 9.043999999999999817e-01 8.110000000000000542e-01
2.785852902545642440e-01 5.422210049715693314e-01 9.005999999999999561e-01 8.249999999999999556e-01
3.258095232564243715e-01 5.891156003013571230e-01 8.783999999999999586e-01 7.940000000000000391e-01
2.723707765898097377e-01 5.242560168370289375e-01 9.028000000000000469e-01 8.199999999999999512e-01
3.275041449256630433e-01 5.657280702233957737e-01 8.773999999999999577e-01 8.129999999999999449e-01
2.945503274567801699e-01 5.299380711907024644e-01 8.875999999999999446e-01 8.120000000000000551e-01
