6.499783244733299270e-01 7.111897709332861695e-01 7.541999999999999815e-01 7.259999999999999787e-01
6.535444042968312495e-01 7.386570797819063117e-01 7.578000000000000291e-01 7.309999999999999831e-01
4.995978528723726275e-01 5.637977421579927206e-01 8.189999999999999503e-01 7.760000000000000231e-01
5.146916822190918950e-01 6.143988323076354785e-01 7.850000000000000311e-01 7.459999999999999964e-01
4.930665332537173540e-01 6.120677253142223773e-01 8.162000000000000366e-01 7.620000000000000107e-01
4.624909025579591604e-01 5.879195744339159591e-01 8.307999999999999829e-01 8.090000000000000524e-01
4.369722231991632899e-01 5.630494887491077627e-01 8.272000000000000464e-01 7.750000000000000222e-01
3.871917734946495604e-01 5.031094471547279401e-01 8.598000000000000087e-01 8.110000000000000542e-01
3.849833321399380170e-01 5.346859624711752801e-01 8.524000000000000465e-01 8.040000000000000480e-01
3.956306266323539877e-01 4.759548611841515342e-01 8.461999999999999522e-01 8.090000000000000524e-01
3.964858143434278892e-01 5.451730280757085545e-01 8.611999999999999655e-01 8.100000000000000533e-01
3.404852938888091041e-01 4.686694032501220741e-01 8.741999999999999771e-01 8.269999999999999574e-01
3.628500972697845106e-01 4.919803346775339370e-01 8.586000000000000298e-01 8.020000000000000462e-01
3.608795735536097227e-01 5.539134138565775523e-01 8.663999999999999480e-01 8.169999999999999485e-01
3.283861522288302748e-01 4.948008551433775715e-01 8.758000000000000229e-01 8.100000000000000533e-01
4.208636637808331193e-01 6.235913539800456151e-01 8.558000000000000052e-01 7.950000000000000400e-01
3.240595128860993546e-01 5.296891262387998234e-01 8.746000000000000441e-01 8.030000000000000471e-01
2.956888791367251468e-01 4.903922712424692576e-01 8.931999999999999940e-01 8.199999999999999512e-01
3.418718082096068867e-01 5.164693601690218960e-01 8.766000000000000458e-01 8.239999999999999547e-01
2.891477579360774985e-01 4.490605107987772904e-01 8.935999999999999499e-01 8.339999999999999636e-01
3.207565383219783128e-01 5.028886705147755931e-01 8.810000000000000053e-01 8.269999999999999574e-01
3.103269538325437726e-01 5.085763807618352006e-01 8.940000000000000169e-01 8.409999999999999698e-01
2.935475295917476801e-01 4.882022316588741084e-01 8.861999999999999877e-01 8.239999999999999547e-01
3.332062529275109930e-01 5.048814202187725808e-01 8.729999999999999982e-01 8.139999999999999458e-01
2.882278421411882396e-01 5.031241505757700905e-01 8.931999999999999940e-01 8.269999999999999574e-01
2.955393415617514896e-01 4.877385453323328512e-01 8.863999999999999657e-01 8.279999999999999583e-01
2.973863991439255616e-01 5.582349719381340947e-01 8.938000000000000389e-01 8.149999999999999467e-01
3.308451911762143038e-01 5.657653275257658043e-01 8.693999999999999506e-01 7.840000000000000302e-01
2.593460660445886523e-01 4.577937252390671952e-01 9.038000000000000478e-01 8.309999999999999609e-01
3.145525605484298381e-01 5.812864793307489508e-01 8.821999999999999842e-01 8.090000000000000524e-01
2.497535424391241488e-01 4.765237771051283877e-01 9.070000000000000284e-01 8.219999999999999529e-01
2.366640424331294401e-01 4.845122578928149903e-01 9.083999999999999853e-01 8.369999999999999662e-01
2.782206380038422799e-01 4.724350298316998265e-01 8.971999999999999975e-01 8.259999999999999565e-01
2.783346778303030788e-01 5.358437751807949567e-01 9.008000000000000451e-01 8.129999999999999449e-01
2.869446493063226300e-01 5.289559426461580838e-01 8.971999999999999975e-01 8.070000000000000506e-01
2.841280366609165720e-01 4.980271172511543387e-01 8.866000000000000547e-01 8.129999999999999449e-01
3.074451816988957864e-01 5.389556369374874922e-01 8.833999999999999631e-01 8.189999999999999503e-01
2.447792764397407617e-01 4.826548000862402321e-01 9.055999999999999606e-01 8.299999999999999600e-01
2.771936163035331191e-01 4.921080001915754676e-01 8.961999999999999966e-01 8.189999999999999503e-01
2.456888842214959012e-01 4.842027648156077002e-01 9.090000000000000302e-01 8.319999999999999618e-01
2.624162566341677327e-01 4.836698021428967875e-01 9.002000000000000002e-01 8.259999999999999565e-01
2.982087114862774224e-01 5.228528334107520603e-01 8.955999999999999517e-01 8.189999999999999503e-01
3.089017833959886716e-01 5.254525987466239778e-01 8.790000000000000036e-01 8.090000000000000524e-01
2.705167367653121824e-01 5.092441240179366169e-01 9.013999999999999790e-01 8.259999999999999565e-01
2.646115430062098151e-01 4.821815965109805813e-01 9.013999999999999790e-01 8.199999999999999512e-01
2.274342525859572584e-01 4.637506938400017820e-01 9.122000000000000108e-01 8.399999999999999689e-01
2.937326586671200057e-01 4.875611286695553659e-01 8.840000000000000080e-01 8.289999999999999591e-01
3.310484115480227252e-01 5.750016337557652957e-01 8.709999999999999964e-01 8.020000000000000462e-01
2.403905566134650618e-01 4.868249460456379740e-01 9.085999999999999632e-01 8.369999999999999662e-01
2.834742834657008603e-01 4.774280174262851562e-01 8.913999999999999702e-01 8.129999999999999449e-01
2.829473115932595872e-01 4.967837304024342315e-01 8.971999999999999975e-01 8.349999999999999645e-01
3.239808919408878607e-01 5.531389267435704582e-01 8.890000000000000124e-01 8.299999999999999600e-01
3.287020638614130963e-01 5.724327518334175746e-01 8.643999999999999462e-01 8.020000000000000462e-01
3.674831888576332029e-01 5.601302530169424143e-01 8.651999999999999691e-01 8.070000000000000506e-01
2.361906963282197347e-01 4.727671252781819877e-01 9.088000000000000522e-01 8.359999999999999654e-01
2.624887970047839469e-01 4.727634733943422152e-01 9.073999999999999844e-01 8.269999999999999574e-01
2.761999391233123102e-01 4.812191900019425761e-01 9.005999999999999561e-01 8.349999999999999645e-01
2.558088014701420110e-01 4.966744631013845779e-01 9.032000000000000028e-01 8.179999999999999494e-01
2.449257635593722060e-01 4.550932154467900448e-01 9.182000000000000162e-01 8.289999999999999591e-01
2.718365464865073466e-01 4.974057371886581036e-01 9.015999999999999570e-01 8.169999999999999485e-01
2.460144743484742325e-01 4.701123172134117900e-01 9.080000000000000293e-01 8.239999999999999547e-01
2.391970532484623546e-01 4.846969819735817975e-01 9.173999999999999932e-01 8.189999999999999503e-01
2.717451032895901175e-01 5.716155907614605125e-01 9.025999999999999579e-01 8.249999999999999556e-01
2.368005129579844048e-01 4.672775375790252927e-01 9.083999999999999853e-01 8.399999999999999689e-01
2.637730467229618125e-01 5.764838648087956541e-01 8.940000000000000169e-01 8.159999999999999476e-01
2.554530286050486487e-01 4.763408200370418122e-01 9.190000000000000391e-01 8.299999999999999600e-01
2.361871699362684818e-01 5.059803647677523220e-01 9.092000000000000082e-01 8.289999999999999591e-01
2.400960209823797542e-01 5.055213096270262385e-01 9.108000000000000540e-01 8.199999999999999512e-01
2.325404327954712635e-01 5.503798877094762121e-01 9.135999999999999677e-01 8.309999999999999609e-01
2.339575584347680925e-01 4.878811107120204493e-01 9.142000000000000126e-01 8.239999999999999547e-01
2.434656183638357618e-01 5.122610245493172121e-01 9.085999999999999632e-01 8.159999999999999476e-01
3.046292993404826066e-01 5.732881539084045963e-01 8.873999999999999666e-01 8.020000000000000462e-01
2.181644837503018963e-01 4.440378819162266177e-01 9.190000000000000391e-01 8.329999999999999627e-01
2.299726882677996520e-01 4.888422615017790074e-01 9.167999999999999483e-01 8.399999999999999689e-01
2.815414666489465811e-01 4.946528571491149440e-01 8.878000000000000336e-01 8.120000000000000551e-01
2.822607261203583517e-01 4.940379799421582563e-01 8.878000000000000336e-01 8.259999999999999565e-01
2.730692905660537240e-01 5.175468923209323169e-01 8.940000000000000169e-01 8.129999999999999449e-01
2.730869734253037473e-01 5.051583366711002165e-01 9.055999999999999606e-01 8.229999999999999538e-01
2.960534127521403103e-01 4.938774998569512298e-01 8.953999999999999737e-01 8.159999999999999476e-01
2.985426829426163775e-01 5.302295471323961173e-01 8.918000000000000371e-01 8.129999999999999449e-01
2.432275498975494943e-01 5.096050018576934182e-01 9.015999999999999570e-01 8.279999999999999583e-01
2.684805796103669762e-01 5.117590505119091748e-01 8.970000000000000195e-01 8.289999999999999591e-01
2.493391999014957505e-01 5.301906575962960222e-01 9.075999999999999623e-01 8.209999999999999520e-01
2.592710163939508927e-01 4.941480464485155100e-01 9.022000000000000020e-01 8.359999999999999654e-01
2.558170109803550862e-01 4.958570599862187067e-01 9.075999999999999623e-01 8.289999999999999591e-01
2.446282197562069105e-01 5.434039063159857852e-01 9.100000000000000311e-01 8.209999999999999520e-01
2.379400010074116945e-01 4.799991635003003632e-01 9.122000000000000108e-01 8.259999999999999565e-01
2.726877766405363945e-01 5.195897461565223141e-01 9.042000000000000037e-01 8.289999999999999591e-01
2.800780944858189958e-01 5.631186085712857059e-01 8.958000000000000407e-01 8.139999999999999458e-01
2.307721133426588467e-01 5.326226516039787029e-01 9.135999999999999677e-01 8.259999999999999565e-01
2.181233012985439035e-01 5.138782506879281398e-01 9.145999999999999686e-01 8.259999999999999565e-01
2.549222427779351263e-01 5.904996385515010049e-01 9.073999999999999844e-01 8.070000000000000506e-01
2.496892629623876370e-01 4.530928938318368182e-01 9.152000000000000135e-01 8.449999999999999734e-01
2.579603686416901964e-01 5.004118381131598126e-01 9.082000000000000073e-01 8.369999999999999662e-01
2.324442095839779621e-01 4.941868135345020008e-01 9.182000000000000162e-01 8.369999999999999662e-01
2.298770560057058765e-01 4.545676362304594820e-01 9.150000000000000355e-01 8.279999999999999583e-01
2.356738507614933864e-01 4.697497552946148236e-01 9.137999999999999456e-01 8.409999999999999698e-01
2.778676925787005869e-01 5.909336955912557476e-01 9.002000000000000002e-01 8.100000000000000533e-01
2.457299013948384125e-01 4.529199459778257553e-01 9.177999999999999492e-01 8.519999999999999796e-01
2.263511064395182515e-01 4.921375156355743408e-01 9.167999999999999483e-01 8.209999999999999520e-01
1.970330306912603802e-01 4.589374668513842570e-01 9.295999999999999819e-01 8.249999999999999556e-01
2.618564059900242991e-01 5.173856814514470326e-01 8.983999999999999764e-01 8.179999999999999494e-01
2.163776564027954097e-01 4.781949252478813195e-01 9.153999999999999915e-01 8.239999999999999547e-01
2.367493484294757311e-01 4.612300512738021219e-01 9.155999999999999694e-01 8.349999999999999645e-01
2.574637995668631607e-01 4.904572813821992949e-01 9.042000000000000037e-01 8.219999999999999529e-01
2.512539856925676829e-01 5.441517328721794389e-01 9.105999999999999650e-01 8.269999999999999574e-01
2.185329633316036024e-01 4.709549179719966783e-01 9.237999999999999545e-01 8.269999999999999574e-01
1.986596516245298094e-01 4.692686949747471581e-01 9.300000000000000488e-01 8.329999999999999627e-01
2.482709869210055209e-01 4.984429331671069718e-01 9.028000000000000469e-01 8.279999999999999583e-01
2.157282945343622360e-01 4.684592377124310869e-01 9.237999999999999545e-01 8.419999999999999707e-01
2.459743556517945684e-01 4.843055053458805159e-01 9.035999999999999588e-01 8.189999999999999503e-01
2.856543686822653472e-01 6.163681194284418297e-01 8.933999999999999719e-01 7.960000000000000409e-01
2.312415165423764851e-01 5.132332176156833015e-01 9.152000000000000135e-01 8.289999999999999591e-01
2.990463559919238623e-01 6.040194671897967105e-01 8.870000000000000107e-01 8.149999999999999467e-01
2.282052640267616395e-01 4.801753172193455321e-01 9.192000000000000171e-01 8.279999999999999583e-01
2.426789061354519550e-01 5.028203582563073315e-01 9.023999999999999799e-01 8.189999999999999503e-01
2.461580149496863656e-01 5.302729269373475107e-01 9.100000000000000311e-01 8.279999999999999583e-01
2.619270110210121238e-01 5.055730716776337674e-01 9.080000000000000293e-01 8.229999999999999538e-01
2.245084551853405164e-01 4.771550337967122579e-01 9.197999999999999510e-01 8.399999999999999689e-01
2.603302188396041106e-01 4.742708964730147914e-01 8.968000000000000416e-01 8.379999999999999671e-01
2.426940498337184504e-01 5.413692860167603760e-01 9.072000000000000064e-01 8.299999999999999600e-01
2.384025694467889478e-01 5.417099304659688253e-01 9.090000000000000302e-01 8.269999999999999574e-01
2.549694212400396287e-01 5.172688635903665011e-01 8.981999999999999984e-01 8.110000000000000542e-01
2.367034215578196488e-01 4.734891152770155931e-01 9.132000000000000117e-01 8.319999999999999618e-01
3.325860156500668463e-01 5.979378611872779858e-01 8.768000000000000238e-01 8.060000000000000497e-01
2.717437994444100724e-01 5.286659863055001018e-01 8.925999999999999490e-01 8.120000000000000551e-01
2.364418631080416056e-01 4.996098490331475905e-01 9.092000000000000082e-01 8.329999999999999627e-01
2.202990949791098496e-01 4.907382224773814139e-01 9.243999999999999995e-01 8.359999999999999654e-01
2.175605035256435171e-01 4.839034894314522273e-01 9.167999999999999483e-01 8.269999999999999574e-01
2.334162052248964780e-01 4.652712767308796460e-01 9.122000000000000108e-01 8.319999999999999618e-01
2.281683984912630803e-01 5.357323784681211620e-01 9.145999999999999686e-01 8.339999999999999636e-01
2.088230001260754642e-01 4.751272151001196820e-01 9.275999999999999801e-01 8.329999999999999627e-01
2.511114501764923901e-01 4.674718316535977358e-01 8.998000000000000442e-01 8.259999999999999565e-01
2.503047659559765603e-01 5.447771962443155314e-01 9.028000000000000469e-01 8.189999999999999503e-01
2.490140061977829111e-01 5.386716993139294418e-01 9.082000000000000073e-01 8.249999999999999556e-01
2.518040585893448480e-01 5.120419809423740753e-01 9.055999999999999606e-01 8.100000000000000533e-01
2.454708251733363766e-01 4.833576529826262846e-01 9.045999999999999597e-01 8.289999999999999591e-01
2.643701719042473308e-01 5.138940533326085136e-01 9.055999999999999606e-01 8.229999999999999538e-01
2.189038503005658609e-01 4.903689840408444467e-01 9.207999999999999519e-01 8.359999999999999654e-01
2.323893806549553187e-01 5.177083992401133594e-01 9.127999999999999448e-01 8.409999999999999698e-01
2.530095398435636134e-01 5.526062536156498561e-01 9.045999999999999597e-01 8.219999999999999529e-01
2.425565234474282017e-01 4.620227730097338781e-01 9.130000000000000338e-01 8.409999999999999698e-01
2.477385522578135213e-01 5.156784148355944009e-01 9.070000000000000284e-01 8.309999999999999609e-01
2.342339773700652106e-01 5.063200251676911456e-01 9.150000000000000355e-01 8.379999999999999671e-01
2.827811762476288293e-01 5.414051324516285790e-01 8.941999999999999948e-01 8.120000000000000551e-01
2.307980025037754679e-01 4.900074507689363701e-01 9.050000000000000266e-01 8.379999999999999671e-01
2.194988659671048559e-01 4.784778838884252705e-01 9.170000000000000373e-01 8.369999999999999662e-01
2.489800831118358371e-01 4.479683391653813684e-01 9.083999999999999853e-01 8.269999999999999574e-01
2.197514216601292036e-01 4.780121476045149920e-01 9.143999999999999906e-01 8.419999999999999707e-01
2.360234438605069152e-01 4.764502771591035968e-01 9.152000000000000135e-01 8.319999999999999618e-01
2.169024725535667053e-01 4.790693426194332916e-01 9.203999999999999959e-01 8.399999999999999689e-01
2.226512816435546049e-01 4.632537995520139007e-01 9.217999999999999527e-01 8.239999999999999547e-01
2.501821604650413811e-01 5.169010615038166501e-01 9.122000000000000108e-01 8.309999999999999609e-01
2.270101191683202291e-01 4.870320186799733664e-01 9.187999999999999501e-01 8.229999999999999538e-01
2.748200259516432875e-01 5.429514289133466898e-01 8.913999999999999702e-01 8.149999999999999467e-01
2.591974811037238147e-01 5.066212663333565791e-01 9.035999999999999588e-01 8.269999999999999574e-01
2.442953485799057023e-01 5.128198898836668906e-01 9.100000000000000311e-01 8.389999999999999680e-01
2.178443168624948079e-01 5.224538410105564745e-01 9.172000000000000153e-01 8.149999999999999467e-01
2.130302277543069944e-01 5.036222291838787779e-01 9.195999999999999730e-01 8.239999999999999547e-01
2.441590858892617177e-01 6.001958268772089600e-01 9.043999999999999817e-01 8.100000000000000533e-01
2.293920772422791687e-01 4.591201790030599028e-01 9.112000000000000099e-01 8.359999999999999654e-01
2.116555198808797167e-01 5.744487398930280264e-01 9.223999999999999977e-01 8.289999999999999591e-01
2.412506467266911370e-01 4.765038968157887522e-01 9.137999999999999456e-01 8.309999999999999609e-01
2.410929799717708988e-01 5.225145841649103673e-01 9.110000000000000320e-01 8.179999999999999494e-01
2.383864050510164367e-01 4.599137553758352315e-01 9.060000000000000275e-01 8.249999999999999556e-01
2.447469450801442736e-01 5.326312888606097307e-01 9.023999999999999799e-01 8.249999999999999556e-01
2.509314961128583654e-01 5.225441049500720858e-01 9.008000000000000451e-01 8.139999999999999458e-01
2.322620629337031894e-01 4.555328503918573135e-01 9.175999999999999712e-01 8.449999999999999734e-01
2.432406341597671551e-01 4.871169807271231722e-01 9.145999999999999686e-01 8.459999999999999742e-01
2.145518584171119125e-01 4.393156651367678411e-01 9.177999999999999492e-01 8.459999999999999742e-01
2.103605087190551781e-01 4.425057968332755665e-01 9.237999999999999545e-01 8.449999999999999734e-01
2.758616669495309037e-01 5.684802247627269711e-01 9.013999999999999790e-01 8.090000000000000524e-01
2.545097696283722954e-01 4.686242393901621783e-01 9.157999999999999474e-01 8.299999999999999600e-01
2.384405447745351903e-01 5.134536517151784274e-01 9.102000000000000091e-01 8.229999999999999538e-01
2.561275924519462732e-01 5.022386783147817502e-01 9.038000000000000478e-01 8.309999999999999609e-01
2.656540785419626571e-01 5.276242443022592932e-01 9.042000000000000037e-01 8.090000000000000524e-01
2.200950905041300643e-01 5.216250921207213898e-01 9.127999999999999448e-01 8.279999999999999583e-01
2.190701629106766579e-01 4.724475084733702479e-01 9.200000000000000400e-01 8.239999999999999547e-01
3.414865596282659621e-01 5.629680732990037795e-01 8.770000000000000018e-01 8.100000000000000533e-01
2.648910902959996094e-01 5.549148659166481812e-01 9.028000000000000469e-01 8.219999999999999529e-01
2.629588792354142224e-01 5.106197877900353621e-01 8.995999999999999552e-01 8.209999999999999520e-01
2.605683186309692978e-01 5.480924491578352820e-01 9.045999999999999597e-01 8.129999999999999449e-01
2.403299329589936306e-01 5.490210219720031981e-01 9.112000000000000099e-01 8.279999999999999583e-01
2.035953343691752349e-01 4.812624033767645138e-01 9.250000000000000444e-01 8.349999999999999645e-01
2.583952412520605924e-01 5.062798759850597463e-01 9.022000000000000020e-01 8.249999999999999556e-01
2.043520902773593995e-01 5.357008274038792539e-01 9.212000000000000188e-01 8.329999999999999627e-01
2.404371534350301376e-01 5.304274429180905193e-01 9.088000000000000522e-01 8.189999999999999503e-01
2.572443233554171371e-01 5.022686661121349427e-01 8.975999999999999535e-01 8.229999999999999538e-01
3.052266121517098196e-01 5.915442401284288776e-01 8.868000000000000327e-01 8.110000000000000542e-01
3.071353221699367197e-01 5.457379911453869026e-01 8.841999999999999860e-01 8.070000000000000506e-01
2.579531131932427113e-01 5.154049387941748162e-01 9.100000000000000311e-01 8.269999999999999574e-01
3.007253166882007389e-01 5.792583240086770502e-01 8.958000000000000407e-01 8.149999999999999467e-01
2.294124911447535942e-01 5.155778452606395446e-01 9.227999999999999536e-01 8.369999999999999662e-01
2.816463308747833572e-01 5.407768671247674686e-01 8.941999999999999948e-01 8.000000000000000444e-01
2.260087596633240936e-01 5.089459843036177045e-01 9.183999999999999941e-01 8.269999999999999574e-01
2.204190435281932758e-01 4.841435129697962414e-01 9.223999999999999977e-01 8.349999999999999645e-01
2.366288012774968030e-01 4.805107343623972183e-01 9.173999999999999932e-01 8.349999999999999645e-01
2.006777791009023704e-01 5.009389735094119667e-01 9.272000000000000242e-01 8.399999999999999689e-01
2.639096442677667520e-01 5.256552508515512923e-01 9.042000000000000037e-01 8.189999999999999503e-01
2.537491357618271159e-01 5.099302956238190854e-01 9.090000000000000302e-01 8.139999999999999458e-01
2.234121647468379213e-01 5.007718163535044287e-01 9.220000000000000417e-01 8.199999999999999512e-01
3.269262580827873577e-01 6.289382967634399302e-01 8.846000000000000529e-01 7.950000000000000400e-01
2.237303399437172990e-01 4.417574359377334781e-01 9.195999999999999730e-01 8.279999999999999583e-01
2.598041783652526582e-01 4.933194144846203555e-01 9.005999999999999561e-01 8.219999999999999529e-01
2.447788232451623691e-01 5.504117298341886233e-01 9.055999999999999606e-01 8.080000000000000515e-01
2.373241237471589438e-01 4.864696824178331158e-01 9.100000000000000311e-01 8.279999999999999583e-01
2.442374182288622186e-01 5.025125978415723171e-01 9.133999999999999897e-01 8.309999999999999609e-01
2.443732413290674310e-01 4.707761893424982080e-01 9.108000000000000540e-01 8.279999999999999583e-01
2.503349665349928754e-01 4.981039626455971425e-01 9.073999999999999844e-01 8.329999999999999627e-01
2.256258466713241539e-01 5.129927247973193882e-01 9.123999999999999888e-01 8.239999999999999547e-01
2.909193187377533962e-01 5.503445074199505571e-01 8.948000000000000398e-01 8.149999999999999467e-01
2.185578215926878010e-01 4.877763453034055785e-01 9.190000000000000391e-01 8.309999999999999609e-01
2.735898105249195411e-01 5.429501403686083361e-01 9.072000000000000064e-01 8.179999999999999494e-01
2.324428052942927037e-01 4.765299061948825021e-01 9.190000000000000391e-01 8.289999999999999591e-01
2.162624667438304282e-01 5.032483139376010550e-01 9.213999999999999968e-01 8.259999999999999565e-01
2.476440621761274163e-01 4.871142873357367509e-01 9.095999999999999641e-01 8.289999999999999591e-01
2.366395660974379977e-01 5.207478231063649154e-01 9.162000000000000144e-01 8.269999999999999574e-01
2.318818196437562595e-01 5.269063366480842836e-01 9.120000000000000329e-01 8.259999999999999565e-01
2.967768360299265495e-01 5.311800247285730636e-01 8.873999999999999666e-01 8.159999999999999476e-01
2.297423034513867146e-01 5.161317458176269968e-01 9.153999999999999915e-01 8.289999999999999591e-01
2.527335142163697479e-01 4.977780353180124573e-01 9.068000000000000504e-01 8.249999999999999556e-01
2.731410059635159815e-01 4.809484302927468091e-01 9.073999999999999844e-01 8.249999999999999556e-01
2.682078440056139823e-01 5.553779375691615394e-01 9.038000000000000478e-01 8.139999999999999458e-01
2.390713124810448786e-01 4.683904692912937984e-01 9.143999999999999906e-01 8.319999999999999618e-01
2.704441280863718045e-01 5.682829056329987694e-01 9.012000000000000011e-01 8.189999999999999503e-01
2.330112376269469765e-01 4.882888877183367837e-01 9.247999999999999554e-01 8.319999999999999618e-01
2.195957566150681384e-01 4.857625713883212404e-01 9.233999999999999986e-01 8.249999999999999556e-01
2.273421719602192748e-01 4.471501950437163919e-01 9.195999999999999730e-01 8.399999999999999689e-01
2.358361777544800142e-01 4.958522750362442943e-01 9.110000000000000320e-01 8.419999999999999707e-01
2.389933550108217786e-01 4.871222584924350674e-01 9.123999999999999888e-01 8.259999999999999565e-01
2.356716573465162667e-01 5.457765994137091514e-01 9.147999999999999465e-01 8.309999999999999609e-01
3.086492002774427479e-01 5.129995311628061661e-01 8.925999999999999490e-01 8.129999999999999449e-01
2.282106864976343741e-01 4.951373817850662218e-01 9.192000000000000171e-01 8.279999999999999583e-01
2.452920427873671871e-01 4.495241467440833083e-01 9.105999999999999650e-01 8.309999999999999609e-01
2.845010733787071144e-01 5.205392208289771894e-01 9.063999999999999835e-01 8.129999999999999449e-01
2.329378141524727774e-01 5.586096430027466253e-01 9.160000000000000364e-01 8.259999999999999565e-01
2.801771969272190410e-01 5.746122972059224399e-01 8.915999999999999481e-01 8.110000000000000542e-01
2.687302804019407465e-01 5.637962899331637745e-01 9.078000000000000513e-01 8.139999999999999458e-01
2.382297798260318289e-01 4.968445523122201335e-01 9.225999999999999757e-01 8.289999999999999591e-01
2.522181721248108466e-01 5.087556318557043822e-01 9.082000000000000073e-01 8.169999999999999485e-01
2.926493669530108588e-01 5.192881473854449315e-01 8.798000000000000265e-01 8.040000000000000480e-01
2.598128333471372842e-01 4.655876157161309425e-01 9.143999999999999906e-01 8.359999999999999654e-01
2.880511948358835950e-01 5.276928484296459221e-01 9.020000000000000240e-01 8.249999999999999556e-01
2.468892189840140305e-01 4.923395829066337659e-01 9.127999999999999448e-01 8.299999999999999600e-01
2.490193388646077532e-01 4.754111919816666476e-01 9.122000000000000108e-01 8.299999999999999600e-01
2.423143665544432168e-01 5.396132941508368086e-01 9.085999999999999632e-01 8.199999999999999512e-01
2.099658207295102830e-01 4.649548337827552613e-01 9.260000000000000453e-01 8.329999999999999627e-01
2.015289767110303720e-01 4.604349264894664895e-01 9.282000000000000250e-01 8.409999999999999698e-01
2.757850609312905155e-01 4.793499503585039734e-01 8.998000000000000442e-01 8.209999999999999520e-01
3.537300810880814050e-01 5.502117058396062133e-01 8.753999999999999559e-01 8.060000000000000497e-01
2.529555292015022716e-01 5.217230231872945767e-01 9.062000000000000055e-01 8.129999999999999449e-01
2.250251068388121889e-01 4.438587390863995563e-01 9.227999999999999536e-01 8.429999999999999716e-01
2.967133635028330052e-01 5.234350072745111992e-01 8.858000000000000318e-01 8.179999999999999494e-01
2.666224643735153887e-01 5.290613049917197719e-01 8.981999999999999984e-01 8.060000000000000497e-01
2.216741443999716010e-01 4.875869687677308328e-01 9.185999999999999721e-01 8.259999999999999565e-01
2.552261715055798019e-01 4.932805927774043253e-01 9.068000000000000504e-01 8.309999999999999609e-01
2.286761375974641908e-01 4.916552773350337802e-01 9.215999999999999748e-01 8.339999999999999636e-01
2.260471830870838805e-01 5.151389927212951525e-01 9.242000000000000215e-01 8.299999999999999600e-01
2.571660173690092921e-01 5.299412050108659455e-01 9.052000000000000046e-01 8.229999999999999538e-01
2.490299000169030885e-01 5.102929984745443459e-01 9.177999999999999492e-01 8.239999999999999547e-01
2.295851728886988963e-01 5.136227354334621520e-01 9.163999999999999924e-01 8.399999999999999689e-01
2.696736546816920765e-01 5.667096109250590041e-01 9.032000000000000028e-01 7.940000000000000391e-01
2.735891229003470371e-01 6.153452814872586440e-01 8.958000000000000407e-01 8.100000000000000533e-01
2.309723953167364119e-01 4.839503912141414621e-01 9.172000000000000153e-01 8.199999999999999512e-01
2.417630425774386915e-01 4.916158591282790979e-01 9.120000000000000329e-01 8.259999999999999565e-01
2.635453898598467126e-01 5.227908516142404372e-01 9.110000000000000320e-01 8.199999999999999512e-01
2.599841906067003050e-01 4.772713915038263033e-01 9.023999999999999799e-01 8.309999999999999609e-01
2.599669348343385811e-01 5.030669485250822692e-01 9.055999999999999606e-01 8.139999999999999458e-01
2.514109431835438446e-01 5.090801425108252287e-01 8.993999999999999773e-01 8.249999999999999556e-01
2.612102300792592535e-01 5.423177336692049932e-01 9.032000000000000028e-01 8.239999999999999547e-01
2.922109397550842202e-01 5.103050165919637005e-01 8.881999999999999895e-01 8.199999999999999512e-01
2.230029612556972962e-01 5.049057688820625112e-01 9.193999999999999950e-01 8.339999999999999636e-01
2.690050655136143054e-01 6.058437672407447350e-01 8.968000000000000416e-01 8.070000000000000506e-01
2.694605889299453438e-01 5.585746556900463844e-01 8.951999999999999957e-01 7.970000000000000417e-01
2.380502709263300765e-01 5.495859686948152412e-01 9.127999999999999448e-01 8.289999999999999591e-01
2.426461985701574009e-01 5.389013145199753607e-01 9.130000000000000338e-01 8.269999999999999574e-01
1.997723815017278248e-01 4.377894271300882267e-01 9.362000000000000322e-01 8.479999999999999760e-01
2.539477506060479062e-01 5.653740400410115496e-01 8.961999999999999966e-01 7.980000000000000426e-01
2.520018115549615412e-01 4.814483166457749763e-01 9.043999999999999817e-01 8.279999999999999583e-01
2.688911766823364746e-01 5.765788688202253542e-01 8.981999999999999984e-01 8.229999999999999538e-01
2.292849593698496335e-01 4.856631678469070512e-01 9.177999999999999492e-01 8.219999999999999529e-01
2.549228725972371712e-01 4.689233277335405070e-01 9.040000000000000258e-01 8.409999999999999698e-01
2.330391718962895875e-01 5.049464487009046598e-01 9.175999999999999712e-01 8.259999999999999565e-01
3.217664371194369766e-01 5.183560652159617810e-01 8.818000000000000282e-01 8.120000000000000551e-01
2.426543413260917048e-01 5.069009687387825425e-01 9.133999999999999897e-01 8.199999999999999512e-01
3.328036681161845034e-01 5.565228753227102754e-01 8.673999999999999488e-01 7.990000000000000435e-01
2.418897586039628067e-01 4.525730614419884446e-01 9.197999999999999510e-01 8.429999999999999716e-01
2.200587853289080187e-01 4.989669672878187523e-01 9.195999999999999730e-01 8.299999999999999600e-01
3.478830014528886960e-01 6.761794950052583131e-01 8.686000000000000387e-01 7.950000000000000400e-01
2.502596407254965016e-01 5.406568216763359969e-01 9.098000000000000531e-01 8.379999999999999671e-01
2.125291663537269005e-01 5.035196053298871544e-01 9.257999999999999563e-01 8.399999999999999689e-01
2.460884980196805238e-01 5.143080599213258886e-01 9.078000000000000513e-01 8.319999999999999618e-01
2.637371712708589389e-01 5.151724215196021861e-01 8.983999999999999764e-01 8.249999999999999556e-01
2.821836914406301022e-01 5.804270696696245402e-01 9.053999999999999826e-01 8.139999999999999458e-01
2.889835787048174454e-01 5.499951237211304633e-01 8.938000000000000389e-01 8.090000000000000524e-01
3.343211302516033157e-01 6.241620451594743768e-01 8.751999999999999780e-01 7.960000000000000409e-01
2.724177954786702882e-01 4.978325765374723155e-01 9.012000000000000011e-01 8.289999999999999591e-01
2.585788492465367905e-01 5.856401176375076734e-01 9.040000000000000258e-01 8.050000000000000488e-01
2.812183329167532997e-01 4.946778535385064068e-01 8.961999999999999966e-01 8.309999999999999609e-01
2.830747525660055053e-01 5.453342034552615125e-01 8.958000000000000407e-01 8.239999999999999547e-01
2.865313275294860684e-01 5.163501149427627279e-01 9.040000000000000258e-01 8.219999999999999529e-01
2.815072947788274105e-01 5.416122309473742069e-01 8.921999999999999931e-01 8.209999999999999520e-01
3.374401522909845630e-01 5.907935176237973929e-01 8.726000000000000423e-01 8.010000000000000453e-01
2.485248741270270345e-01 5.328660335204343790e-01 9.072000000000000064e-01 8.329999999999999627e-01
2.499001341411515031e-01 5.099983119417724753e-01 9.133999999999999897e-01 8.349999999999999645e-01
2.262063230889526377e-01 4.611112160508943347e-01 9.172000000000000153e-01 8.409999999999999698e-01
2.355019786929405667e-01 5.144605492870820695e-01 9.052000000000000046e-01 8.219999999999999529e-01
2.441491587358775306e-01 4.783607715866186050e-01 9.143999999999999906e-01 8.369999999999999662e-01
2.512492435674970048e-01 4.659407595293863502e-01 9.093999999999999861e-01 8.299999999999999600e-01
2.532282045927033431e-01 5.622995195160707116e-01 9.122000000000000108e-01 8.299999999999999600e-01
3.183781642407124135e-01 5.398031892852269698e-01 8.808000000000000274e-01 8.110000000000000542e-01
2.924306000034154751e-01 5.088104834609097349e-01 8.928000000000000380e-01 8.129999999999999449e-01
2.521081988742219226e-01 4.879559866411696256e-01 9.127999999999999448e-01 8.269999999999999574e-01
3.053484116685016292e-01 5.509188528148706299e-01 8.751999999999999780e-01 7.990000000000000435e-01
3.237618844839864063e-01 5.360027769315269808e-01 8.833999999999999631e-01 8.070000000000000506e-01
2.741740985835144362e-01 5.087748692664962880e-01 9.062000000000000055e-01 8.249999999999999556e-01
2.291595054286796884e-01 4.850606020343294356e-01 9.150000000000000355e-01 8.219999999999999529e-01
2.994100947311413852e-01 5.592261566480773993e-01 8.871999999999999886e-01 8.169999999999999485e-01
2.231151353116176406e-01 4.970822322996368281e-01 9.197999999999999510e-01 8.269999999999999574e-01
2.959298985561439332e-01 5.537891967361205925e-01 8.958000000000000407e-01 8.080000000000000515e-01
2.459674190286815221e-01 5.465922827885351110e-01 9.090000000000000302e-01 8.229999999999999538e-01
2.592879259589630503e-01 4.832077310528467007e-01 9.065999999999999615e-01 8.359999999999999654e-01
3.038742628202564244e-01 5.309212390650381863e-01 8.853999999999999648e-01 8.199999999999999512e-01
3.348711552241017686e-01 5.999427210896750573e-01 8.673999999999999488e-01 7.900000000000000355e-01
2.544524002647785554e-01 5.020857324694454338e-01 9.075999999999999623e-01 8.189999999999999503e-01
2.921200036810474576e-01 5.117753455715645661e-01 8.923999999999999710e-01 8.269999999999999574e-01
2.469009848657283401e-01 5.019831935271683587e-01 9.082000000000000073e-01 8.309999999999999609e-01
2.248802592984688875e-01 5.014353824968990070e-01 9.165999999999999703e-01 8.369999999999999662e-01
3.197198887205588980e-01 5.479881452971342437e-01 8.813999999999999613e-01 8.010000000000000453e-01
2.502852868467424496e-01 4.869677175265174074e-01 9.142000000000000126e-01 8.279999999999999583e-01
2.472920143519856673e-01 4.967102619311939415e-01 9.162000000000000144e-01 8.289999999999999591e-01
2.324908526966437960e-01 5.142037908526188028e-01 9.185999999999999721e-01 8.209999999999999520e-01
2.476405191582666809e-01 5.310844443854282337e-01 9.073999999999999844e-01 8.279999999999999583e-01
2.504874345595974883e-01 5.265288151193404653e-01 9.132000000000000117e-01 8.100000000000000533e-01
2.717750362303187894e-01 5.523900418287708280e-01 8.958000000000000407e-01 8.179999999999999494e-01
2.568879886968520876e-01 4.676801585418526308e-01 8.983999999999999764e-01 8.419999999999999707e-01
3.003470034199719474e-01 5.012626872775116649e-01 8.875999999999999446e-01 8.120000000000000551e-01
3.687324472516524954e-01 5.818755716049204274e-01 8.487999999999999989e-01 7.820000000000000284e-01
3.019037525899614383e-01 5.187703462790255182e-01 8.991999999999999993e-01 8.139999999999999458e-01
2.386914751818335345e-01 5.067377754330987250e-01 9.160000000000000364e-01 8.279999999999999583e-01
2.742312530210495591e-01 5.040811532219611202e-01 9.135999999999999677e-01 8.169999999999999485e-01
2.406041437434996710e-01 5.097053731259855169e-01 9.162000000000000144e-01 8.159999999999999476e-01
2.965059196619539983e-01 5.961361746581701482e-01 8.729999999999999982e-01 7.840000000000000302e-01
3.321379452284661249e-01 6.542726456356520170e-01 8.743999999999999551e-01 8.070000000000000506e-01
2.759934019727747767e-01 5.243128430445751498e-01 8.995999999999999552e-01 8.169999999999999485e-01
2.583210347467081447e-01 5.218956587930786428e-01 9.118000000000000549e-01 8.229999999999999538e-01
3.836138831244830238e-01 6.719938650103511879e-01 8.626000000000000334e-01 7.760000000000000231e-01
2.581829228602917636e-01 5.360930300766384438e-01 9.043999999999999817e-01 8.209999999999999520e-01
2.416027460011572203e-01 4.688201364087730694e-01 9.215999999999999748e-01 8.369999999999999662e-01
3.013869626336561636e-01 5.734214134041254463e-01 8.828000000000000291e-01 8.120000000000000551e-01
2.932985555971770464e-01 4.991616653454433172e-01 8.943999999999999728e-01 8.229999999999999538e-01
3.196335066840783612e-01 5.411395351916002960e-01 8.698000000000000176e-01 7.880000000000000338e-01
3.235040996611995290e-01 5.408191947270020172e-01 8.930000000000000160e-01 8.020000000000000462e-01
3.962205981651402142e-01 6.534797461679895392e-01 8.649999999999999911e-01 8.040000000000000480e-01
2.967036322530108849e-01 5.178721349146472308e-01 8.985999999999999543e-01 8.219999999999999529e-01
2.787273149211726420e-01 5.632662846811264945e-01 9.042000000000000037e-01 8.129999999999999449e-01
2.958489898686250119e-01 5.524196813444418597e-01 8.850000000000000089e-01 8.179999999999999494e-01
2.391183802033545747e-01 4.692477018926803356e-01 9.175999999999999712e-01 8.329999999999999627e-01
2.807111041129823903e-01 5.275573794775616498e-01 8.875999999999999446e-01 8.169999999999999485e-01
2.764551926211746280e-01 5.208222838332234872e-01 8.908000000000000362e-01 8.120000000000000551e-01
3.412953416956750474e-01 5.666356054808965315e-01 8.741999999999999771e-01 8.159999999999999476e-01
2.923222929076574328e-01 5.301945479035053976e-01 8.960000000000000187e-01 8.209999999999999520e-01
2.765512275011545174e-01 5.978569262929470662e-01 9.000000000000000222e-01 8.199999999999999512e-01
2.369769843028868284e-01 5.169419463746635079e-01 9.153999999999999915e-01 8.289999999999999591e-01
2.715026767676620434e-01 4.650240024043046372e-01 9.112000000000000099e-01 8.359999999999999654e-01
2.859370188985620453e-01 5.799024698133358191e-01 8.935999999999999499e-01 8.139999999999999458e-01
2.762703332793555733e-01 4.924658099075663875e-01 8.955999999999999517e-01 8.269999999999999574e-01
2.494837402428304873e-01 4.719276953590440526e-01 9.145999999999999686e-01 8.219999999999999529e-01
2.727117373378654119e-01 5.152996028730499889e-01 9.122000000000000108e-01 8.319999999999999618e-01
2.225123813383379501e-01 5.316531128589737643e-01 9.160000000000000364e-01 8.269999999999999574e-01
2.991466971002803010e-01 5.711806153723757440e-01 8.883999999999999675e-01 8.000000000000000444e-01
2.539378213952600549e-01 5.494845589412709064e-01 9.072000000000000064e-01 8.219999999999999529e-01
2.936528589051266014e-01 5.962116890722672924e-01 8.931999999999999940e-01 8.060000000000000497e-01
2.739902576295405456e-01 4.876096348521123947e-01 9.058000000000000496e-01 8.229999999999999538e-01
2.711150912578192962e-01 5.356494736526690170e-01 8.998000000000000442e-01 8.159999999999999476e-01
2.384456823369268119e-01 5.267495325721925914e-01 9.163999999999999924e-01 8.219999999999999529e-01
2.690926806105872759e-01 5.095153306140038918e-01 8.953999999999999737e-01 8.179999999999999494e-01
3.189095533883363198e-01 5.828982831977925771e-01 8.756000000000000449e-01 8.030000000000000471e-01
3.332729314784105279e-01 5.523761755088103520e-01 8.751999999999999780e-01 7.940000000000000391e-01
2.693661373061819186e-01 5.019691333988893778e-01 8.978000000000000425e-01 8.249999999999999556e-01
3.376736093959697427e-01 5.633885524901123265e-01 8.818000000000000282e-01 8.139999999999999458e-01
2.999848450378515552e-01 5.523047516078140040e-01 8.878000000000000336e-01 8.080000000000000515e-01
2.771637789925960882e-01 5.189219995089865423e-01 8.965999999999999526e-01 8.209999999999999520e-01
3.639323563172371379e-01 5.744635551760672865e-01 8.656000000000000361e-01 7.990000000000000435e-01
2.701101556755376443e-01 5.234926856829438258e-01 8.995999999999999552e-01 8.209999999999999520e-01
2.477234926099824985e-01 4.688488678026431211e-01 9.085999999999999632e-01 8.319999999999999618e-01
2.876113085781977774e-01 5.819644863166705262e-01 8.980000000000000204e-01 8.129999999999999449e-01
2.843957503120583263e-01 5.115589893547590750e-01 8.905999999999999472e-01 8.229999999999999538e-01
2.444719986131299594e-01 4.914512159636522104e-01 9.100000000000000311e-01 8.319999999999999618e-01
2.441617511323035117e-01 4.615356224058371759e-01 9.078000000000000513e-01 8.219999999999999529e-01
2.672035778992729593e-01 4.859030329731630626e-01 9.063999999999999835e-01 8.189999999999999503e-01
2.926567801785873169e-01 5.319805237791594976e-01 8.868000000000000327e-01 8.060000000000000497e-01
2.315175466825664385e-01 4.998839740215972327e-01 9.172000000000000153e-01 8.149999999999999467e-01
2.640525379279672347e-01 4.913672086231120062e-01 9.000000000000000222e-01 8.229999999999999538e-01
2.665411356091701434e-01 5.124201408451942719e-01 8.988000000000000433e-01 8.209999999999999520e-01
2.599712557690623815e-01 4.740440980794510262e-01 9.030000000000000249e-01 8.369999999999999662e-01
3.805562864030250236e-01 6.009645325255005277e-01 8.374000000000000332e-01 7.419999999999999929e-01
2.842084187315455091e-01 5.152757950956405875e-01 8.983999999999999764e-01 8.229999999999999538e-01
2.662431617859069011e-01 5.015074481513274174e-01 9.075999999999999623e-01 8.199999999999999512e-01
2.750660992632661950e-01 5.401787160884666816e-01 8.921999999999999931e-01 8.189999999999999503e-01
