2.280542085822137466e+00 2.287437782186173330e+00 1.804000000000000048e-01 1.570000000000000007e-01
1.609912226476038599e+00 1.619662378650260859e+00 3.526000000000000245e-01 3.260000000000000120e-01
1.023674667276518457e+00 1.017714851864644166e+00 5.881999999999999451e-01 5.899999999999999689e-01
8.227073646343545654e-01 8.407992533343294772e-01 6.812000000000000277e-01 6.760000000000000453e-01
7.247241798334127516e-01 7.652285909999442248e-01 7.149999999999999689e-01 7.009999999999999565e-01
6.559881647838494700e-01 7.063969936536895755e-01 7.521999999999999797e-01 7.359999999999999876e-01
5.706154436875744418e-01 6.311874021640559995e-01 7.887999999999999456e-01 7.670000000000000151e-01
5.527852521862921531e-01 6.185903304709891026e-01 7.957999999999999519e-01 7.740000000000000213e-01
4.957677675573494702e-01 5.669532646657671204e-01 8.272000000000000464e-01 7.850000000000000311e-01
5.026087705501836034e-01 5.792707363434377310e-01 8.177999999999999714e-01 7.860000000000000320e-01
5.051263500301771403e-01 5.922549355908115487e-01 8.102000000000000313e-01 7.770000000000000240e-01
4.709166742692675878e-01 5.665245503293487861e-01 8.312000000000000499e-01 7.880000000000000338e-01
4.526307641211957389e-01 5.445461774187153603e-01 8.307999999999999829e-01 7.810000000000000275e-01
4.366018580225975443e-01 5.198830069925451935e-01 8.464000000000000412e-01 7.970000000000000417e-01
4.351089086249814719e-01 5.328520274660487610e-01 8.434000000000000385e-01 8.010000000000000453e-01
4.141633176542872108e-01 5.173236721453056131e-01 8.474000000000000421e-01 8.030000000000000471e-01
4.031026489083540110e-01 5.024510847833730809e-01 8.551999999999999602e-01 8.179999999999999494e-01
3.831742611249643327e-01 4.876102910998519335e-01 8.658000000000000140e-01 8.179999999999999494e-01
3.930943799118484794e-01 5.271509231607829360e-01 8.526000000000000245e-01 8.080000000000000515e-01
3.726636273045291770e-01 4.918817352202091708e-01 8.678000000000000158e-01 8.149999999999999467e-01
4.182120187080161644e-01 5.360677484271453297e-01 8.439999999999999725e-01 8.060000000000000497e-01
3.946036125488174839e-01 5.013202167628489914e-01 8.551999999999999602e-01 8.090000000000000524e-01
3.831417109120641706e-01 5.000868950936049329e-01 8.544000000000000483e-01 8.080000000000000515e-01
3.692956991617105666e-01 4.826840636894766945e-01 8.689999999999999947e-01 8.309999999999999609e-01
3.470575621407235301e-01 4.933392940013831551e-01 8.723999999999999533e-01 8.189999999999999503e-01
3.845541037323737532e-01 5.085124479388836161e-01 8.576000000000000290e-01 8.129999999999999449e-01
3.933259216389250468e-01 5.332403098132533215e-01 8.508000000000000007e-01 8.080000000000000515e-01
3.283918743049961675e-01 4.668343825475000375e-01 8.800000000000000044e-01 8.309999999999999609e-01
3.522244039861000542e-01 5.165159526572278281e-01 8.741999999999999771e-01 8.149999999999999467e-01
3.441065484852299794e-01 4.947621388617469695e-01 8.721999999999999753e-01 8.189999999999999503e-01
3.478291292542227131e-01 5.045825061629393149e-01 8.691999999999999726e-01 8.239999999999999547e-01
3.320703085818558775e-01 4.759806952930084600e-01 8.800000000000000044e-01 8.239999999999999547e-01
3.489272639428567802e-01 4.987261759289468577e-01 8.673999999999999488e-01 8.149999999999999467e-01
3.360853034056337507e-01 4.827573547873529325e-01 8.773999999999999577e-01 8.229999999999999538e-01
3.148895025635595757e-01 4.715277220465830532e-01 8.868000000000000327e-01 8.289999999999999591e-01
3.369042905516746456e-01 4.825879054707813420e-01 8.763999999999999568e-01 8.159999999999999476e-01
3.163968638651368792e-01 4.749252998288199246e-01 8.836000000000000520e-01 8.229999999999999538e-01
2.947143238177971636e-01 4.674797954266474709e-01 8.943999999999999728e-01 8.329999999999999627e-01
3.061406258545236181e-01 4.883780627795147322e-01 8.895999999999999464e-01 8.329999999999999627e-01
2.930382255005286041e-01 4.777997551753417338e-01 8.910000000000000142e-01 8.229999999999999538e-01
3.039614692107910354e-01 4.815138318454046384e-01 8.848000000000000309e-01 8.229999999999999538e-01
3.030260951884848342e-01 4.838507120555979313e-01 8.888000000000000345e-01 8.149999999999999467e-01
2.936484739001245514e-01 4.569519698203370339e-01 8.968000000000000416e-01 8.289999999999999591e-01
3.020143599114599176e-01 4.902072597604760773e-01 8.893999999999999684e-01 8.219999999999999529e-01
2.795435568135350435e-01 4.713031169345670013e-01 8.990000000000000213e-01 8.359999999999999654e-01
2.961588776913465226e-01 4.885386923544562943e-01 8.950000000000000178e-01 8.239999999999999547e-01
2.909276469455731595e-01 4.906739737383246647e-01 8.913999999999999702e-01 8.289999999999999591e-01
2.918863757510255508e-01 4.761247640755693622e-01 8.905999999999999472e-01 8.229999999999999538e-01
3.143878967221453435e-01 4.863249816257672054e-01 8.858000000000000318e-01 8.129999999999999449e-01
2.874564962071144980e-01 4.644218990687234982e-01 8.951999999999999957e-01 8.349999999999999645e-01
2.769429875335224223e-01 4.699295787140592151e-01 8.998000000000000442e-01 8.379999999999999671e-01
2.760084431259451909e-01 4.753491876532706106e-01 8.973999999999999755e-01 8.269999999999999574e-01
2.685061549818338333e-01 4.615780435370343548e-01 9.022000000000000020e-01 8.349999999999999645e-01
2.671694543893489149e-01 4.601161549747129209e-01 8.973999999999999755e-01 8.369999999999999662e-01
2.774314491781638692e-01 4.805808164544429495e-01 8.953999999999999737e-01 8.369999999999999662e-01
2.591008145969181387e-01 4.720239979644634265e-01 9.033999999999999808e-01 8.379999999999999671e-01
2.690557196870672629e-01 4.540992795247233427e-01 9.022000000000000020e-01 8.259999999999999565e-01
2.557634186589372582e-01 4.519614687407110254e-01 9.065999999999999615e-01 8.339999999999999636e-01
2.582792717713604524e-01 4.621547023359582895e-01 9.135999999999999677e-01 8.359999999999999654e-01
2.639799733155862582e-01 4.786784621089009706e-01 9.015999999999999570e-01 8.329999999999999627e-01
2.582751981928559926e-01 4.624173072099032611e-01 9.063999999999999835e-01 8.369999999999999662e-01
2.405942854962437316e-01 4.662905835672217503e-01 9.122000000000000108e-01 8.299999999999999600e-01
2.470471363977892465e-01 4.606813585600462169e-01 9.065999999999999615e-01 8.339999999999999636e-01
2.738127301661049118e-01 4.934406275304317746e-01 8.953999999999999737e-01 8.249999999999999556e-01
2.613242084594911696e-01 4.820397984054329843e-01 9.050000000000000266e-01 8.399999999999999689e-01
3.080314407514932462e-01 5.417385180986721283e-01 8.850000000000000089e-01 8.040000000000000480e-01
2.938317657950537121e-01 5.052079049205805417e-01 8.913999999999999702e-01 8.179999999999999494e-01
2.673204589515852381e-01 4.963099998226906395e-01 9.033999999999999808e-01 8.259999999999999565e-01
2.615563222188495018e-01 4.767848440926840126e-01 9.038000000000000478e-01 8.359999999999999654e-01
2.248768540964354024e-01 4.544990592602853874e-01 9.170000000000000373e-01 8.439999999999999725e-01
2.378117190220048471e-01 4.463777683650628214e-01 9.142000000000000126e-01 8.449999999999999734e-01
2.636673902890891985e-01 4.857097389113653185e-01 9.013999999999999790e-01 8.339999999999999636e-01
2.642338889644702538e-01 4.763582264849401393e-01 9.000000000000000222e-01 8.239999999999999547e-01
2.669365903666239270e-01 4.820328220343920722e-01 8.998000000000000442e-01 8.279999999999999583e-01
2.553056645392528523e-01 4.693533057682537368e-01 9.035999999999999588e-01 8.319999999999999618e-01
2.699421204575248034e-01 4.811883688557624938e-01 8.993999999999999773e-01 8.259999999999999565e-01
2.776166257674062554e-01 4.853720628512497304e-01 8.913999999999999702e-01 8.309999999999999609e-01
2.244855907753113555e-01 4.293934104734309920e-01 9.187999999999999501e-01 8.499999999999999778e-01
2.461326647521559219e-01 4.664166602079682367e-01 9.080000000000000293e-01 8.359999999999999654e-01
2.219828281840516837e-01 4.582536527809938920e-01 9.195999999999999730e-01 8.419999999999999707e-01
2.377388195804912285e-01 4.823276711247362902e-01 9.123999999999999888e-01 8.269999999999999574e-01
2.294360335887261904e-01 4.652565224064131311e-01 9.162000000000000144e-01 8.379999999999999671e-01
2.216156127306012080e-01 4.495002912125825034e-01 9.213999999999999968e-01 8.409999999999999698e-01
2.395232739507427988e-01 4.499584795937524584e-01 9.153999999999999915e-01 8.439999999999999725e-01
2.104213959348146534e-01 4.352641890245652068e-01 9.295999999999999819e-01 8.469999999999999751e-01
2.727553883020890635e-01 5.243391134540499321e-01 8.885999999999999455e-01 8.090000000000000524e-01
2.476264813383901586e-01 5.051841958556948509e-01 9.070000000000000284e-01 8.259999999999999565e-01
2.147951802808629185e-01 4.787969793765631810e-01 9.175999999999999712e-01 8.309999999999999609e-01
2.149154155179968662e-01 4.483569657148993581e-01 9.192000000000000171e-01 8.449999999999999734e-01
2.172317811201772142e-01 4.289028154136009796e-01 9.225999999999999757e-01 8.439999999999999725e-01
3.057142334500622116e-01 5.788349077578575086e-01 8.881999999999999895e-01 8.229999999999999538e-01
2.320982281491023591e-01 4.651204488151970406e-01 9.100000000000000311e-01 8.349999999999999645e-01
2.204284456749318333e-01 4.761377330848164391e-01 9.177999999999999492e-01 8.239999999999999547e-01
1.960372313525081123e-01 4.538393029501967546e-01 9.314000000000000057e-01 8.489999999999999769e-01
1.946542568869965295e-01 4.517285319752153416e-01 9.324000000000000066e-01 8.409999999999999698e-01
2.017473108436400597e-01 4.383052613585401991e-01 9.304000000000000048e-01 8.489999999999999769e-01
2.760197162825267503e-01 5.103899809175571622e-01 8.948000000000000398e-01 8.179999999999999494e-01
2.101727356820911052e-01 4.674607218733591307e-01 9.187999999999999501e-01 8.329999999999999627e-01
2.000186154908389913e-01 4.523574950751150792e-01 9.254000000000000004e-01 8.499999999999999778e-01
2.167673119366529677e-01 4.733315821242710664e-01 9.177999999999999492e-01 8.299999999999999600e-01
2.026647700453746148e-01 4.516035549427585005e-01 9.277999999999999581e-01 8.389999999999999680e-01
2.012006890046126872e-01 4.625263676582096473e-01 9.284000000000000030e-01 8.289999999999999591e-01
2.317009693620099009e-01 5.007258456691452420e-01 9.172000000000000153e-01 8.379999999999999671e-01
2.521162008282769595e-01 5.101774331618966762e-01 9.018000000000000460e-01 8.179999999999999494e-01
2.110303867064945715e-01 4.712613128666240381e-01 9.217999999999999527e-01 8.339999999999999636e-01
2.045101697482649972e-01 4.279206006430249509e-01 9.292000000000000259e-01 8.479999999999999760e-01
2.059252515977291753e-01 4.591707458602211078e-01 9.240000000000000435e-01 8.379999999999999671e-01
2.085016379970765221e-01 4.760019189794506000e-01 9.237999999999999545e-01 8.299999999999999600e-01
2.172707937547793400e-01 4.541290451222400604e-01 9.225999999999999757e-01 8.399999999999999689e-01
2.419236519883405101e-01 5.071400726173409534e-01 9.113999999999999879e-01 8.319999999999999618e-01
1.990565494275224057e-01 4.701439160525605065e-01 9.292000000000000259e-01 8.399999999999999689e-01
1.935323999580339516e-01 4.907490871828918966e-01 9.310000000000000497e-01 8.299999999999999600e-01
1.962357657845237024e-01 4.591579393029924239e-01 9.325999999999999845e-01 8.379999999999999671e-01
2.372755873658065062e-01 5.172897271185713519e-01 9.082000000000000073e-01 8.179999999999999494e-01
2.351774678399042029e-01 5.195211777083715843e-01 9.120000000000000329e-01 8.110000000000000542e-01
1.988923499484931134e-01 4.736503404738708900e-01 9.285999999999999810e-01 8.279999999999999583e-01
1.819626445446964613e-01 4.660544786184724342e-01 9.347999999999999643e-01 8.369999999999999662e-01
2.203217919761230881e-01 4.916539033838383532e-01 9.160000000000000364e-01 8.359999999999999654e-01
2.246186057865045271e-01 4.900258644150884968e-01 9.137999999999999456e-01 8.259999999999999565e-01
2.418835406438726299e-01 5.461536542082027212e-01 9.083999999999999853e-01 8.369999999999999662e-01
1.838069265426793553e-01 4.588306326290718107e-01 9.365999999999999881e-01 8.349999999999999645e-01
2.153013040817636503e-01 5.024946009352397880e-01 9.177999999999999492e-01 8.239999999999999547e-01
2.327937926375927280e-01 4.731930397971926272e-01 8.990000000000000213e-01 8.269999999999999574e-01
1.812086614051942046e-01 4.477400874285955568e-01 9.414000000000000146e-01 8.449999999999999734e-01
2.167772842885368756e-01 5.027783124019673533e-01 9.173999999999999932e-01 8.199999999999999512e-01
2.018569717299886768e-01 4.753129264074785199e-01 9.262000000000000233e-01 8.309999999999999609e-01
1.906265163298049570e-01 4.690729712950414965e-01 9.342000000000000304e-01 8.319999999999999618e-01
1.833064236107926348e-01 4.616191109308028784e-01 9.389999999999999458e-01 8.379999999999999671e-01
2.005079442963785818e-01 4.831095674628624881e-01 9.254000000000000004e-01 8.249999999999999556e-01
1.922777615655238692e-01 4.649506114701648651e-01 9.322000000000000286e-01 8.399999999999999689e-01
1.893694180113555392e-01 4.608938974605399364e-01 9.342000000000000304e-01 8.379999999999999671e-01
2.147460904200634013e-01 5.105723236239330109e-01 9.210000000000000409e-01 8.169999999999999485e-01
1.785528600203352689e-01 4.616917255971205725e-01 9.367999999999999661e-01 8.339999999999999636e-01
1.843216815295342370e-01 4.690548019509314659e-01 9.332000000000000295e-01 8.399999999999999689e-01
1.995187059384624373e-01 4.786976288282672742e-01 9.254000000000000004e-01 8.319999999999999618e-01
1.986188888374617045e-01 4.822670254766885378e-01 9.237999999999999545e-01 8.429999999999999716e-01
1.694588396324630541e-01 4.534582324580160861e-01 9.419999999999999485e-01 8.419999999999999707e-01
1.958664798194599543e-01 5.095761801184618411e-01 9.270000000000000462e-01 8.319999999999999618e-01
2.072637050113779744e-01 5.187287304430637791e-01 9.210000000000000409e-01 8.179999999999999494e-01
2.412237531980145899e-01 5.739552084475578742e-01 9.035999999999999588e-01 8.129999999999999449e-01
1.810257240219503849e-01 4.717554950808837688e-01 9.335999999999999854e-01 8.309999999999999609e-01
2.223134955011088210e-01 4.981598552448870953e-01 9.170000000000000373e-01 8.279999999999999583e-01
1.905332987267432665e-01 4.566976052489920002e-01 9.315999999999999837e-01 8.409999999999999698e-01
1.975294607767315025e-01 4.855578630620985270e-01 9.292000000000000259e-01 8.299999999999999600e-01
2.684836531392923997e-01 5.513658875007233506e-01 9.075999999999999623e-01 8.219999999999999529e-01
1.807934526811924569e-01 4.532539047979639024e-01 9.379999999999999449e-01 8.479999999999999760e-01
1.697035187793032862e-01 4.633414098347861665e-01 9.404000000000000137e-01 8.369999999999999662e-01
2.731358296147852194e-01 5.931619700299647358e-01 8.841999999999999860e-01 8.040000000000000480e-01
1.666643492786254177e-01 4.545025546111444159e-01 9.414000000000000146e-01 8.369999999999999662e-01
2.339632981831257508e-01 5.134470760877550832e-01 9.033999999999999808e-01 8.120000000000000551e-01
1.956347869179342613e-01 4.646217594348486246e-01 9.257999999999999563e-01 8.319999999999999618e-01
1.781619440895538808e-01 4.906831772971181893e-01 9.330000000000000515e-01 8.339999999999999636e-01
1.602220374162542649e-01 4.650810079248484663e-01 9.432000000000000384e-01 8.429999999999999716e-01
1.683505132128936821e-01 4.776635047816695234e-01 9.407999999999999696e-01 8.439999999999999725e-01
1.619176301683670216e-01 4.560092116015601604e-01 9.479999999999999538e-01 8.419999999999999707e-01
1.951401827811431178e-01 4.724370431593319930e-01 9.310000000000000497e-01 8.379999999999999671e-01
1.840905399329134939e-01 4.694979794655271266e-01 9.300000000000000488e-01 8.389999999999999680e-01
1.610761640787347904e-01 4.623558628548165572e-01 9.425999999999999934e-01 8.409999999999999698e-01
2.052900229189272840e-01 5.291878222051995539e-01 9.235999999999999766e-01 8.129999999999999449e-01
1.797081965522354940e-01 5.017789983155961364e-01 9.322000000000000286e-01 8.319999999999999618e-01
1.557177309212930683e-01 4.397051432569846208e-01 9.482000000000000428e-01 8.439999999999999725e-01
1.932009756368589792e-01 4.980720207880170447e-01 9.260000000000000453e-01 8.289999999999999591e-01
1.709280349349461547e-01 4.535395505583083020e-01 9.454000000000000181e-01 8.279999999999999583e-01
1.732290610354879912e-01 4.782976305332746758e-01 9.377999999999999670e-01 8.469999999999999751e-01
1.589942154969767596e-01 4.410092956047680923e-01 9.497999999999999776e-01 8.459999999999999742e-01
1.570756988875538218e-01 4.563053788763254404e-01 9.489999999999999547e-01 8.429999999999999716e-01
1.846839458974046666e-01 4.968214169838321981e-01 9.327999999999999625e-01 8.369999999999999662e-01
1.688278363048775210e-01 4.596386410269568401e-01 9.459999999999999520e-01 8.419999999999999707e-01
1.596042474468483963e-01 4.405592659310831882e-01 9.475999999999999979e-01 8.479999999999999760e-01
1.569393443288483181e-01 4.765609145670992031e-01 9.454000000000000181e-01 8.369999999999999662e-01
1.758317711941570771e-01 4.800542225777990057e-01 9.342000000000000304e-01 8.279999999999999583e-01
2.097307835329474124e-01 5.035370709715597526e-01 9.190000000000000391e-01 8.319999999999999618e-01
2.052153753231446831e-01 5.256346769239100825e-01 9.207999999999999519e-01 8.309999999999999609e-01
1.634862227088370312e-01 4.707792903099295989e-01 9.449999999999999512e-01 8.399999999999999689e-01
1.558914265523890230e-01 4.566054706106456584e-01 9.464000000000000190e-01 8.389999999999999680e-01
1.732189889941147254e-01 4.787542526669319454e-01 9.360000000000000542e-01 8.349999999999999645e-01
1.636336360860531913e-01 4.506152174716810399e-01 9.472000000000000419e-01 8.339999999999999636e-01
1.889464451934932676e-01 5.036392436105320281e-01 9.300000000000000488e-01 8.219999999999999529e-01
1.576968999307429287e-01 4.723584426193515040e-01 9.477999999999999758e-01 8.419999999999999707e-01
1.944841859121093919e-01 4.964397783357346605e-01 9.274000000000000021e-01 8.139999999999999458e-01
2.285726949877586456e-01 5.479154942330183298e-01 9.105999999999999650e-01 8.209999999999999520e-01
1.893095863608393881e-01 4.986993109685253223e-01 9.305999999999999828e-01 8.339999999999999636e-01
1.744854847640197049e-01 4.722298269380464930e-01 9.377999999999999670e-01 8.319999999999999618e-01
1.797668716310164283e-01 4.732521671662404672e-01 9.405999999999999917e-01 8.299999999999999600e-01
1.562051709196895233e-01 4.774664316986062529e-01 9.462000000000000410e-01 8.329999999999999627e-01
1.937301203700570740e-01 5.092259272921944024e-01 9.235999999999999766e-01 8.399999999999999689e-01
1.784335166354288627e-01 4.866029738505540658e-01 9.350000000000000533e-01 8.399999999999999689e-01
1.640334790966243850e-01 4.798786203531478223e-01 9.425999999999999934e-01 8.259999999999999565e-01
1.905364253632665650e-01 5.203143640898497679e-01 9.305999999999999828e-01 8.249999999999999556e-01
1.688847136934196469e-01 4.683204007101761657e-01 9.457999999999999741e-01 8.379999999999999671e-01
1.442462086866564686e-01 4.620802146809375732e-01 9.502000000000000446e-01 8.459999999999999742e-01
1.904239310302212607e-01 5.063753995419217890e-01 9.250000000000000444e-01 8.269999999999999574e-01
1.773935709588102538e-01 4.659049761012396540e-01 9.367999999999999661e-01 8.369999999999999662e-01
1.893447836476395141e-01 5.323698553395815880e-01 9.254000000000000004e-01 8.319999999999999618e-01
1.541804348411519032e-01 4.971601363360713677e-01 9.474000000000000199e-01 8.279999999999999583e-01
1.810345977351290325e-01 5.221465929081647861e-01 9.360000000000000542e-01 8.279999999999999583e-01
1.770783370908464716e-01 5.039775547216396312e-01 9.385999999999999899e-01 8.149999999999999467e-01
1.753092826600018972e-01 4.858698656585924147e-01 9.357999999999999652e-01 8.289999999999999591e-01
1.461578688047115160e-01 4.850802059752323814e-01 9.469999999999999529e-01 8.339999999999999636e-01
1.716187701377111241e-01 5.028040509227222898e-01 9.360000000000000542e-01 8.369999999999999662e-01
1.593456295580088500e-01 5.139706347795258701e-01 9.437999999999999723e-01 8.249999999999999556e-01
1.554137510447861081e-01 4.901695037006353339e-01 9.465999999999999970e-01 8.299999999999999600e-01
1.463785460628949930e-01 4.937155267726400787e-01 9.475999999999999979e-01 8.319999999999999618e-01
1.964146970186607666e-01 5.140923286032661466e-01 9.277999999999999581e-01 8.179999999999999494e-01
1.792016430596628795e-01 4.978200127358354821e-01 9.384000000000000119e-01 8.389999999999999680e-01
1.649004665544137882e-01 4.623369387846202883e-01 9.459999999999999520e-01 8.349999999999999645e-01
1.516987220845134876e-01 4.921267978440004853e-01 9.437999999999999723e-01 8.459999999999999742e-01
1.589826270659210339e-01 4.821903196013556658e-01 9.454000000000000181e-01 8.269999999999999574e-01
1.523163897160497993e-01 4.586557257925560349e-01 9.475999999999999979e-01 8.319999999999999618e-01
1.821744053746927883e-01 4.979894260330205435e-01 9.340000000000000524e-01 8.359999999999999654e-01
1.388463931588612976e-01 4.458547627291437054e-01 9.527999999999999803e-01 8.469999999999999751e-01
1.508163354567697290e-01 4.891989961696470157e-01 9.492000000000000437e-01 8.359999999999999654e-01
3.140002798626947977e-01 6.437753170587428020e-01 8.870000000000000107e-01 8.110000000000000542e-01
1.613430809132262445e-01 4.635319302923225915e-01 9.487999999999999767e-01 8.399999999999999689e-01
1.446768785636821930e-01 4.491357733115733941e-01 9.547999999999999821e-01 8.419999999999999707e-01
1.617418667696576828e-01 5.262843591472242677e-01 9.415999999999999925e-01 8.289999999999999591e-01
1.386651408659482776e-01 4.653785123440688509e-01 9.544000000000000261e-01 8.449999999999999734e-01
1.527379719984915118e-01 5.003329425847264922e-01 9.435999999999999943e-01 8.289999999999999591e-01
1.433973402731717472e-01 4.650791892267979177e-01 9.549999999999999600e-01 8.429999999999999716e-01
1.557077492974936750e-01 4.509421336141150594e-01 9.492000000000000437e-01 8.429999999999999716e-01
1.537975836785025474e-01 4.826064648202702534e-01 9.454000000000000181e-01 8.409999999999999698e-01
1.404637961251023748e-01 4.574417721877542808e-01 9.549999999999999600e-01 8.399999999999999689e-01
1.875870360733225828e-01 5.279638875913557072e-01 9.314000000000000057e-01 8.279999999999999583e-01
1.475263906051603180e-01 4.853836133637809969e-01 9.474000000000000199e-01 8.389999999999999680e-01
1.379335959577107640e-01 4.925213535010216082e-01 9.546000000000000041e-01 8.309999999999999609e-01
1.576108287943836783e-01 5.040645453347889493e-01 9.457999999999999741e-01 8.419999999999999707e-01
1.488977422485726620e-01 4.830954024818076564e-01 9.536000000000000032e-01 8.409999999999999698e-01
1.392284242803889238e-01 4.765466277482444113e-01 9.552000000000000490e-01 8.329999999999999627e-01
1.724694934613458797e-01 5.085508796933554398e-01 9.344000000000000083e-01 8.289999999999999591e-01
1.427945793746830949e-01 4.643738978326947264e-01 9.546000000000000041e-01 8.379999999999999671e-01
1.375616786244269474e-01 4.632894429059457586e-01 9.527999999999999803e-01 8.439999999999999725e-01
1.537765554658733491e-01 4.604342011121910772e-01 9.495999999999999996e-01 8.489999999999999769e-01
1.351950080485576910e-01 4.649093818668715850e-01 9.572000000000000508e-01 8.389999999999999680e-01
1.457675719890995647e-01 4.840309500241274931e-01 9.519999999999999574e-01 8.309999999999999609e-01
1.441052816751856036e-01 4.894069663952124727e-01 9.506000000000000005e-01 8.409999999999999698e-01
2.175160977941130169e-01 5.707618120064773537e-01 9.192000000000000171e-01 8.259999999999999565e-01
1.345238732184306507e-01 4.831923566982569418e-01 9.546000000000000041e-01 8.389999999999999680e-01
1.702180170302528273e-01 5.201933193968549807e-01 9.389999999999999458e-01 8.229999999999999538e-01
1.438406648623768991e-01 4.684211803639738991e-01 9.509999999999999565e-01 8.459999999999999742e-01
1.416839653859103265e-01 4.883229627848708065e-01 9.506000000000000005e-01 8.409999999999999698e-01
1.945360089752743438e-01 5.115032097936499378e-01 9.302000000000000268e-01 8.299999999999999600e-01
1.679020867834544462e-01 4.931001869997267417e-01 9.395999999999999908e-01 8.379999999999999671e-01
1.891452542210557419e-01 5.309425335938171564e-01 9.332000000000000295e-01 8.259999999999999565e-01
1.775962391914758520e-01 5.230708222477623570e-01 9.360000000000000542e-01 8.219999999999999529e-01
1.867191451146733849e-01 5.279521061675515048e-01 9.267999999999999572e-01 8.120000000000000551e-01
1.385976522679434053e-01 4.766647993071682077e-01 9.514000000000000234e-01 8.289999999999999591e-01
1.641121969130586999e-01 4.960362593723140479e-01 9.384000000000000119e-01 8.259999999999999565e-01
1.757248827195005136e-01 5.034951000869387627e-01 9.404000000000000137e-01 8.369999999999999662e-01
1.524414274499342470e-01 4.860910070448118403e-01 9.469999999999999529e-01 8.309999999999999609e-01
1.494883460172297951e-01 5.047505421671122372e-01 9.485999999999999988e-01 8.259999999999999565e-01
2.083434877793046425e-01 5.568647484145863302e-01 9.147999999999999465e-01 8.209999999999999520e-01
1.483552633512076058e-01 4.887645712245854424e-01 9.439999999999999503e-01 8.449999999999999734e-01
1.482282888895509187e-01 4.968435976124212505e-01 9.509999999999999565e-01 8.369999999999999662e-01
1.352060076473624306e-01 4.857371053094575730e-01 9.536000000000000032e-01 8.409999999999999698e-01
1.533378921022283681e-01 4.678352269958594989e-01 9.527999999999999803e-01 8.419999999999999707e-01
1.464412384184217431e-01 4.698745038544647201e-01 9.512000000000000455e-01 8.479999999999999760e-01
1.501135634117093109e-01 4.698573018759453213e-01 9.509999999999999565e-01 8.369999999999999662e-01
1.766831583479783752e-01 5.051692001085402728e-01 9.324000000000000066e-01 8.339999999999999636e-01
1.568435389544985681e-01 4.956662627065867022e-01 9.434000000000000163e-01 8.329999999999999627e-01
1.587061138309976138e-01 4.936105104594109005e-01 9.435999999999999943e-01 8.349999999999999645e-01
1.375280127541878838e-01 4.823411695808620392e-01 9.557999999999999829e-01 8.409999999999999698e-01
1.549776237862693085e-01 5.075387217196694056e-01 9.427999999999999714e-01 8.309999999999999609e-01
1.699377958832523350e-01 4.808435775024072489e-01 9.372000000000000330e-01 8.329999999999999627e-01
1.700928230354792625e-01 5.227439841011267685e-01 9.352000000000000313e-01 8.339999999999999636e-01
2.053102604468077519e-01 5.599698323061825800e-01 9.203999999999999959e-01 8.239999999999999547e-01
1.684730697358284290e-01 5.240217640525254295e-01 9.412000000000000366e-01 8.289999999999999591e-01
1.371806458459930433e-01 4.890477706165341498e-01 9.514000000000000234e-01 8.379999999999999671e-01
1.709121345365047506e-01 5.042785975874742865e-01 9.427999999999999714e-01 8.289999999999999591e-01
1.278940787329887474e-01 4.795241009272725452e-01 9.577999999999999847e-01 8.399999999999999689e-01
1.455084557596491857e-01 4.826967740676197938e-01 9.517999999999999794e-01 8.389999999999999680e-01
1.464986766917077965e-01 5.033266021242905897e-01 9.549999999999999600e-01 8.379999999999999671e-01
1.253392806449167285e-01 4.541608755268867759e-01 9.634000000000000341e-01 8.489999999999999769e-01
1.668079724866675939e-01 5.271923423601960756e-01 9.419999999999999485e-01 8.359999999999999654e-01
1.942258458861182702e-01 5.499510157839153646e-01 9.233999999999999986e-01 8.189999999999999503e-01
1.394977186276473990e-01 4.594570565588664834e-01 9.556000000000000050e-01 8.389999999999999680e-01
1.471356032312903517e-01 5.117706609979717491e-01 9.474000000000000199e-01 8.269999999999999574e-01
1.214446106444393991e-01 4.654533670936275569e-01 9.631999999999999451e-01 8.339999999999999636e-01
1.454334820542845241e-01 5.006169703365568324e-01 9.477999999999999758e-01 8.379999999999999671e-01
1.598158617167202145e-01 4.929389279884991426e-01 9.415999999999999925e-01 8.439999999999999725e-01
1.406410102881787971e-01 4.804084175277826274e-01 9.494000000000000217e-01 8.429999999999999716e-01
1.480108600489948578e-01 4.604207981232088520e-01 9.479999999999999538e-01 8.419999999999999707e-01
1.509900390200395737e-01 4.793993185916935462e-01 9.506000000000000005e-01 8.349999999999999645e-01
1.318624406112010594e-01 4.888686477391342988e-01 9.579999999999999627e-01 8.309999999999999609e-01
1.589294203426603880e-01 5.098403918685927572e-01 9.454000000000000181e-01 8.289999999999999591e-01
1.613057208504361240e-01 5.275159913205578199e-01 9.412000000000000366e-01 8.369999999999999662e-01
1.628637235419037599e-01 4.753909136899214238e-01 9.422000000000000375e-01 8.379999999999999671e-01
1.242410534654245086e-01 4.813539083713758160e-01 9.607999999999999874e-01 8.279999999999999583e-01
1.815025904050056593e-01 5.421564016570689093e-01 9.322000000000000286e-01 8.269999999999999574e-01
1.376046416930319927e-01 4.990047177531395373e-01 9.522000000000000464e-01 8.309999999999999609e-01
1.249695081449829492e-01 4.732511432020984343e-01 9.624000000000000332e-01 8.359999999999999654e-01
1.527214402514469604e-01 5.163922806152756451e-01 9.464000000000000190e-01 8.389999999999999680e-01
1.498137848245575110e-01 4.843778349346987699e-01 9.506000000000000005e-01 8.339999999999999636e-01
1.450569110209974089e-01 4.624132898789057311e-01 9.552000000000000490e-01 8.379999999999999671e-01
1.797397052286408281e-01 5.303657288396916858e-01 9.317999999999999616e-01 8.349999999999999645e-01
1.517039192061727104e-01 4.995469078476818536e-01 9.447999999999999732e-01 8.359999999999999654e-01
1.423402786669327180e-01 4.885680188205138719e-01 9.507999999999999785e-01 8.479999999999999760e-01
1.308446594138827634e-01 4.707461938363691201e-01 9.614000000000000323e-01 8.409999999999999698e-01
1.685012426820651499e-01 5.641373805352667414e-01 9.302000000000000268e-01 8.339999999999999636e-01
1.287785354311735686e-01 5.046844324588695141e-01 9.562000000000000499e-01 8.379999999999999671e-01
1.483211315719595857e-01 5.167750819851874011e-01 9.482000000000000428e-01 8.319999999999999618e-01
1.334979699727390778e-01 4.964648653710929671e-01 9.529999999999999583e-01 8.249999999999999556e-01
1.303696296212056016e-01 4.985738234313187855e-01 9.549999999999999600e-01 8.429999999999999716e-01
1.479912498045813096e-01 5.094938878615816735e-01 9.475999999999999979e-01 8.489999999999999769e-01
1.469579316093499177e-01 5.000773286402329099e-01 9.506000000000000005e-01 8.219999999999999529e-01
1.988572796422848898e-01 5.388333126351741997e-01 9.243999999999999995e-01 8.239999999999999547e-01
1.785079780239241798e-01 5.476506844639910110e-01 9.347999999999999643e-01 8.279999999999999583e-01
1.459675946261581314e-01 5.016072515436934554e-01 9.475999999999999979e-01 8.289999999999999591e-01
1.556091257035691344e-01 5.274492477811950630e-01 9.445999999999999952e-01 8.299999999999999600e-01
1.419966662076597164e-01 4.757652059463152727e-01 9.556000000000000050e-01 8.399999999999999689e-01
1.555202153422243216e-01 5.292826610524584696e-01 9.427999999999999714e-01 8.339999999999999636e-01
1.710159870939152726e-01 5.311799193926877161e-01 9.332000000000000295e-01 8.319999999999999618e-01
1.286217792315735575e-01 4.675409151109286010e-01 9.622000000000000552e-01 8.349999999999999645e-01
1.377514663183201371e-01 4.772698652347079351e-01 9.559999999999999609e-01 8.399999999999999689e-01
1.347983676125102115e-01 5.340893160155909536e-01 9.544000000000000261e-01 8.309999999999999609e-01
1.373630026957582129e-01 5.011561560436560425e-01 9.526000000000000023e-01 8.299999999999999600e-01
1.537101470033295503e-01 5.219404795029338739e-01 9.432000000000000384e-01 8.319999999999999618e-01
1.414444305379281008e-01 4.945559181205168020e-01 9.489999999999999547e-01 8.329999999999999627e-01
1.349897688334415757e-01 4.829362291162076493e-01 9.549999999999999600e-01 8.379999999999999671e-01
1.199042383353840641e-01 5.027447979912134102e-01 9.599999999999999645e-01 8.359999999999999654e-01
1.304246502503307037e-01 5.141141860078179970e-01 9.572000000000000508e-01 8.309999999999999609e-01
1.376454742704128764e-01 5.028438444456472256e-01 9.506000000000000005e-01 8.409999999999999698e-01
1.253998558095245353e-01 4.750775904215825962e-01 9.609999999999999654e-01 8.389999999999999680e-01
1.364879510947374364e-01 5.157276938508440489e-01 9.552000000000000490e-01 8.369999999999999662e-01
1.217625620725862057e-01 4.775261135166650184e-01 9.627999999999999892e-01 8.369999999999999662e-01
1.340520572036017211e-01 4.968735111022907214e-01 9.574000000000000288e-01 8.239999999999999547e-01
1.285577938721456093e-01 4.807135138414896369e-01 9.596000000000000085e-01 8.439999999999999725e-01
1.734093005760724837e-01 5.069397923158668329e-01 9.355999999999999872e-01 8.259999999999999565e-01
1.225309982274199461e-01 4.676140520706803527e-01 9.599999999999999645e-01 8.369999999999999662e-01
1.243363867533811562e-01 4.792204837855532085e-01 9.604000000000000314e-01 8.379999999999999671e-01
1.947509283938926306e-01 5.654846015810228721e-01 9.210000000000000409e-01 8.159999999999999476e-01
1.312967388135364288e-01 4.949287778016380202e-01 9.567999999999999838e-01 8.439999999999999725e-01
1.755676634281238824e-01 5.052561298009273782e-01 9.352000000000000313e-01 8.249999999999999556e-01
1.669957327493799826e-01 5.422269594899178369e-01 9.332000000000000295e-01 8.229999999999999538e-01
1.483206747338653153e-01 5.505376850711638514e-01 9.469999999999999529e-01 8.269999999999999574e-01
1.533061119072952894e-01 5.242601989074351376e-01 9.489999999999999547e-01 8.349999999999999645e-01
1.896273116966053496e-01 5.915555319174823357e-01 9.215999999999999748e-01 8.189999999999999503e-01
1.560266130000416418e-01 5.043850270792055168e-01 9.425999999999999934e-01 8.309999999999999609e-01
1.331083590046957532e-01 5.179667482547278823e-01 9.514000000000000234e-01 8.309999999999999609e-01
1.324819374459803023e-01 5.023792414164883757e-01 9.576000000000000068e-01 8.279999999999999583e-01
1.333492807076310793e-01 5.057927088991073239e-01 9.526000000000000023e-01 8.349999999999999645e-01
1.227984343936949496e-01 4.630336007128023068e-01 9.646000000000000130e-01 8.449999999999999734e-01
1.277571246224300516e-01 4.599892505362531137e-01 9.681999999999999496e-01 8.409999999999999698e-01
1.610638775521364419e-01 5.436594776983402211e-01 9.387999999999999678e-01 8.329999999999999627e-01
1.629930205275952337e-01 5.424123120483629323e-01 9.425999999999999934e-01 8.249999999999999556e-01
1.520141917746455074e-01 4.953172693555725203e-01 9.474000000000000199e-01 8.259999999999999565e-01
1.483192952668640485e-01 5.107745709393410882e-01 9.459999999999999520e-01 8.319999999999999618e-01
1.348151757549178320e-01 4.883282079577676571e-01 9.547999999999999821e-01 8.429999999999999716e-01
1.410305066750161818e-01 5.329232310660768634e-01 9.477999999999999758e-01 8.339999999999999636e-01
1.299871686162198670e-01 4.931512941877314038e-01 9.544000000000000261e-01 8.409999999999999698e-01
1.270976385746789561e-01 4.968483649794441237e-01 9.529999999999999583e-01 8.459999999999999742e-01
1.554853452667222802e-01 5.275904346172812787e-01 9.407999999999999696e-01 8.159999999999999476e-01
1.191188010065914321e-01 4.798249631077367017e-01 9.629999999999999671e-01 8.439999999999999725e-01
1.530914385257862720e-01 5.077127410730064572e-01 9.474000000000000199e-01 8.379999999999999671e-01
1.214568935467133792e-01 4.632005324864899021e-01 9.646000000000000130e-01 8.419999999999999707e-01
1.300938004734297215e-01 4.959242885650943511e-01 9.572000000000000508e-01 8.329999999999999627e-01
1.220400996897269413e-01 4.797460676518874867e-01 9.617999999999999883e-01 8.299999999999999600e-01
1.305614903466119359e-01 4.661703278534714001e-01 9.567999999999999838e-01 8.299999999999999600e-01
1.543672715185065991e-01 4.982329365429725154e-01 9.454000000000000181e-01 8.329999999999999627e-01
1.201292792727300107e-01 4.650831187272170819e-01 9.612000000000000544e-01 8.399999999999999689e-01
1.450833868841873431e-01 5.321950051354200628e-01 9.479999999999999538e-01 8.339999999999999636e-01
1.273024959672601764e-01 4.914686088939628217e-01 9.577999999999999847e-01 8.489999999999999769e-01
1.403861757315858216e-01 4.888414665090612399e-01 9.502000000000000446e-01 8.419999999999999707e-01
1.593399890283480336e-01 5.100226558906262309e-01 9.407999999999999696e-01 8.369999999999999662e-01
1.273996182330187077e-01 4.682647925106493969e-01 9.584000000000000297e-01 8.459999999999999742e-01
1.304344271854302462e-01 4.840357039534363692e-01 9.564000000000000279e-01 8.379999999999999671e-01
1.198970964653620352e-01 4.840219261916198779e-01 9.647999999999999909e-01 8.369999999999999662e-01
1.341142472742436476e-01 5.022959863558736915e-01 9.574000000000000288e-01 8.259999999999999565e-01
1.184493700891044721e-01 4.740310708500983239e-01 9.646000000000000130e-01 8.309999999999999609e-01
1.103623575208157459e-01 4.685897813878855400e-01 9.686000000000000165e-01 8.339999999999999636e-01
1.282029370255519385e-01 4.803020201483627072e-01 9.619999999999999662e-01 8.329999999999999627e-01
1.320123331155333424e-01 4.825895181736914452e-01 9.592000000000000526e-01 8.369999999999999662e-01
1.583087201303138014e-01 5.111050329176752838e-01 9.459999999999999520e-01 8.349999999999999645e-01
1.479887464458513602e-01 5.355491367031807171e-01 9.452000000000000401e-01 8.299999999999999600e-01
1.297162819946192647e-01 4.881064765660337312e-01 9.606000000000000094e-01 8.299999999999999600e-01
1.267949776509851856e-01 4.819995688153295710e-01 9.616000000000000103e-01 8.519999999999999796e-01
1.220534606834962205e-01 4.804419932791560433e-01 9.594000000000000306e-01 8.319999999999999618e-01
1.139345179757521032e-01 4.753444967917891950e-01 9.667999999999999927e-01 8.389999999999999680e-01
1.640891759381932491e-01 5.209630153634118299e-01 9.419999999999999485e-01 8.159999999999999476e-01
1.296851347784102326e-01 4.980545939080681106e-01 9.562000000000000499e-01 8.419999999999999707e-01
1.536351285061179628e-01 5.486772366741214935e-01 9.447999999999999732e-01 8.319999999999999618e-01
1.591552518751133127e-01 5.547121576690927647e-01 9.404000000000000137e-01 8.279999999999999583e-01
1.186769516480997988e-01 4.898734708373835289e-01 9.599999999999999645e-01 8.479999999999999760e-01
1.711200670398510260e-01 5.309584479650254485e-01 9.340000000000000524e-01 8.199999999999999512e-01
1.461885487139815420e-01 4.981447113805861360e-01 9.467999999999999750e-01 8.359999999999999654e-01
1.298242774708192049e-01 4.928703703325391094e-01 9.599999999999999645e-01 8.359999999999999654e-01
1.286062181575881036e-01 5.162236411978928796e-01 9.587999999999999856e-01 8.359999999999999654e-01
1.459473938448185015e-01 4.806208490268551459e-01 9.514000000000000234e-01 8.209999999999999520e-01
1.531503478060692314e-01 5.326412473816191095e-01 9.465999999999999970e-01 8.090000000000000524e-01
1.571301046169814863e-01 5.125576236808148112e-01 9.419999999999999485e-01 8.369999999999999662e-01
1.409071460839486090e-01 5.028583433671350855e-01 9.516000000000000014e-01 8.449999999999999734e-01
1.230840433650864235e-01 4.715752721650320334e-01 9.602000000000000535e-01 8.369999999999999662e-01
1.365087521265745674e-01 4.713311688412542000e-01 9.547999999999999821e-01 8.479999999999999760e-01
1.530272067187007923e-01 5.458532034993974769e-01 9.429999999999999494e-01 8.209999999999999520e-01
1.238977278478817917e-01 5.016764770196324719e-01 9.596000000000000085e-01 8.449999999999999734e-01
2.269830246231993032e-01 6.061020504383971552e-01 9.130000000000000338e-01 8.239999999999999547e-01
1.385324694365052678e-01 4.782432082278217367e-01 9.519999999999999574e-01 8.409999999999999698e-01
1.101312806956792623e-01 4.693960118550961069e-01 9.651999999999999469e-01 8.379999999999999671e-01
1.241420819103454254e-01 4.887787188917308012e-01 9.549999999999999600e-01 8.369999999999999662e-01
1.616921608122826592e-01 5.384951506049507897e-01 9.405999999999999917e-01 8.309999999999999609e-01
1.252697209279676760e-01 4.743324070229514300e-01 9.594000000000000306e-01 8.439999999999999725e-01
