2.282379187158547484e+00 2.280027524454110832e+00 1.562000000000000055e-01 1.610000000000000042e-01
1.592866954708478611e+00 1.599637421664423576e+00 3.522000000000000131e-01 3.479999999999999760e-01
1.007189295027597575e+00 1.007122927998266970e+00 5.989999999999999769e-01 5.959999999999999742e-01
7.616678816650739314e-01 7.838251768711238521e-01 7.247999999999999998e-01 7.189999999999999725e-01
6.989698483388534500e-01 7.404516342401702422e-01 7.338000000000000078e-01 7.049999999999999600e-01
6.243969541474533314e-01 6.770821613116788651e-01 7.810000000000000275e-01 7.560000000000000053e-01
6.145390122669553978e-01 6.780240413448652692e-01 7.520000000000000018e-01 7.139999999999999680e-01
5.218969592564779436e-01 5.863911119774849467e-01 8.117999999999999661e-01 7.750000000000000222e-01
5.305190148034802933e-01 6.162636012401768726e-01 8.030000000000000471e-01 7.660000000000000142e-01
4.770371279942475784e-01 5.611843970854671904e-01 8.266000000000000014e-01 7.880000000000000338e-01
5.059982127040367761e-01 5.790458894658274680e-01 8.129999999999999449e-01 7.900000000000000355e-01
5.081225561776383515e-01 5.885263086656109532e-01 8.132000000000000339e-01 7.760000000000000231e-01
4.398999025484016112e-01 5.364848762750188405e-01 8.386000000000000121e-01 8.050000000000000488e-01
4.788645510818274609e-01 5.632759768374280274e-01 8.214000000000000190e-01 7.930000000000000382e-01
4.224790182916726700e-01 5.158709655497135671e-01 8.551999999999999602e-01 8.050000000000000488e-01
4.376771567169550625e-01 5.414661336899112554e-01 8.404000000000000359e-01 8.080000000000000515e-01
4.020330264317333868e-01 5.067345149912609870e-01 8.526000000000000245e-01 8.080000000000000515e-01
3.966221787542423827e-01 5.059884507487402150e-01 8.551999999999999602e-01 8.040000000000000480e-01
4.119652210518416902e-01 5.215417026569175718e-01 8.436000000000000165e-01 8.010000000000000453e-01
3.807297698080306936e-01 5.078286694485778519e-01 8.633999999999999453e-01 8.159999999999999476e-01
3.915106925527805370e-01 5.101002274427492988e-01 8.596000000000000307e-01 8.050000000000000488e-01
3.965755741826977321e-01 5.332470200230695623e-01 8.487999999999999989e-01 8.060000000000000497e-01
3.635713458869401782e-01 4.856029392782528209e-01 8.678000000000000158e-01 8.139999999999999458e-01
3.617721044598835589e-01 4.765685429587804278e-01 8.668000000000000149e-01 8.249999999999999556e-01
3.728762960421911909e-01 4.900786207752191870e-01 8.589999999999999858e-01 8.120000000000000551e-01
4.354712853155462415e-01 5.794424908812888519e-01 8.404000000000000359e-01 7.940000000000000391e-01
3.736796092007213521e-01 5.111985405363532742e-01 8.599999999999999867e-01 8.100000000000000533e-01
3.595524581803035136e-01 4.816364487501414438e-01 8.698000000000000176e-01 8.189999999999999503e-01
3.317222879646465339e-01 4.762016588254933680e-01 8.793999999999999595e-01 8.239999999999999547e-01
3.893935098706600151e-01 5.200282619219144253e-01 8.514000000000000457e-01 8.020000000000000462e-01
3.229083379061669090e-01 4.535918923801824376e-01 8.848000000000000309e-01 8.239999999999999547e-01
3.209859531466445759e-01 4.640980236368711931e-01 8.856000000000000538e-01 8.269999999999999574e-01
3.027222627037604030e-01 4.492305769593742948e-01 8.945999999999999508e-01 8.299999999999999600e-01
3.336464271570482865e-01 4.788298036454293749e-01 8.776000000000000467e-01 8.159999999999999476e-01
3.028217297900903104e-01 4.587264290982255854e-01 8.913999999999999702e-01 8.319999999999999618e-01
2.918916424963133305e-01 4.416876783143329765e-01 8.978000000000000425e-01 8.329999999999999627e-01
3.022334819354700053e-01 4.683995252345535265e-01 8.885999999999999455e-01 8.379999999999999671e-01
3.187687655181667412e-01 4.796235343713030064e-01 8.801999999999999824e-01 8.199999999999999512e-01
3.079828637011252090e-01 4.673742920167016091e-01 8.863999999999999657e-01 8.229999999999999538e-01
3.151207840445073849e-01 4.830259063663220331e-01 8.760000000000000009e-01 8.239999999999999547e-01
2.876575531167875899e-01 4.625982559024913732e-01 8.938000000000000389e-01 8.249999999999999556e-01
2.926817891263465699e-01 4.463419429657474180e-01 8.941999999999999948e-01 8.339999999999999636e-01
2.753699785495066221e-01 4.616856593420502475e-01 8.983999999999999764e-01 8.319999999999999618e-01
3.175104921108776734e-01 4.806304865145984984e-01 8.760000000000000009e-01 8.100000000000000533e-01
2.970222899498491942e-01 4.692006491268916890e-01 8.895999999999999464e-01 8.169999999999999485e-01
2.971998310391775755e-01 4.825067488297412610e-01 8.910000000000000142e-01 8.100000000000000533e-01
2.971887502370221257e-01 4.862895435294677937e-01 8.888000000000000345e-01 8.239999999999999547e-01
2.896933109505317461e-01 4.991947490598302450e-01 8.921999999999999931e-01 8.199999999999999512e-01
3.038579396760224260e-01 5.009120043789109245e-01 8.890000000000000124e-01 8.149999999999999467e-01
2.960316609460029169e-01 4.679600526117060344e-01 8.871999999999999886e-01 8.199999999999999512e-01
2.846701727051828001e-01 4.637601727714392164e-01 8.958000000000000407e-01 8.299999999999999600e-01
2.567080500119718889e-01 4.726710477808104272e-01 9.055999999999999606e-01 8.309999999999999609e-01
3.118211965755265380e-01 4.972698394609499362e-01 8.729999999999999982e-01 8.169999999999999485e-01
2.691767002659483099e-01 4.386700041877549250e-01 9.048000000000000487e-01 8.259999999999999565e-01
2.499875744614161732e-01 4.537582913759446446e-01 9.093999999999999861e-01 8.379999999999999671e-01
2.643677099660298180e-01 4.489282835844997099e-01 9.043999999999999817e-01 8.369999999999999662e-01
2.843070659597536354e-01 4.820633481354986705e-01 8.921999999999999931e-01 8.249999999999999556e-01
2.448157303956564612e-01 4.437757186072553983e-01 9.108000000000000540e-01 8.359999999999999654e-01
2.837015046643864280e-01 5.041914066427903851e-01 8.868000000000000327e-01 8.319999999999999618e-01
2.469958063645957824e-01 4.444188316490143009e-01 9.127999999999999448e-01 8.419999999999999707e-01
2.424789594250460201e-01 4.574048996694401459e-01 9.093999999999999861e-01 8.309999999999999609e-01
2.624687149667328523e-01 4.629932376858822418e-01 9.032000000000000028e-01 8.239999999999999547e-01
2.308273905090932332e-01 4.467648373319965671e-01 9.155999999999999694e-01 8.389999999999999680e-01
2.399383345618129604e-01 4.418983707307639341e-01 9.127999999999999448e-01 8.469999999999999751e-01
2.341543371708495191e-01 4.376752576894002433e-01 9.145999999999999686e-01 8.419999999999999707e-01
2.315360670303155399e-01 4.299071764171270571e-01 9.187999999999999501e-01 8.339999999999999636e-01
2.544727504866646783e-01 4.656814105047461516e-01 9.025999999999999579e-01 8.329999999999999627e-01
2.369622318596266153e-01 4.571179563130736700e-01 9.125999999999999668e-01 8.429999999999999716e-01
2.667423149952503070e-01 4.727469105965584339e-01 8.995999999999999552e-01 8.319999999999999618e-01
2.784503690512161178e-01 5.291682077843231635e-01 8.985999999999999543e-01 8.239999999999999547e-01
2.432288618196287999e-01 4.542543021926069291e-01 9.133999999999999897e-01 8.419999999999999707e-01
2.705246836890399798e-01 4.882837087494570905e-01 8.990000000000000213e-01 8.269999999999999574e-01
2.213480347991451380e-01 4.644756801968021320e-01 9.192000000000000171e-01 8.349999999999999645e-01
3.074626368266549226e-01 5.597552329828009432e-01 8.776000000000000467e-01 8.139999999999999458e-01
2.225356973387923043e-01 4.520291163703871185e-01 9.205999999999999739e-01 8.329999999999999627e-01
2.424989150402203086e-01 4.802734721522715078e-01 9.070000000000000284e-01 8.229999999999999538e-01
2.174268970171918114e-01 4.477438796072167326e-01 9.177999999999999492e-01 8.419999999999999707e-01
2.204573741419448285e-01 4.538552425161470616e-01 9.205999999999999739e-01 8.329999999999999627e-01
2.205701307665509370e-01 4.719585467420959191e-01 9.175999999999999712e-01 8.359999999999999654e-01
2.610719381936761341e-01 5.186828377947162450e-01 8.965999999999999526e-01 8.110000000000000542e-01
2.367700809289725872e-01 4.733961600230772726e-01 9.118000000000000549e-01 8.359999999999999654e-01
2.983065652255962319e-01 5.766374121060601210e-01 8.871999999999999886e-01 8.129999999999999449e-01
2.388102755073549799e-01 4.911412330531930159e-01 9.095999999999999641e-01 8.189999999999999503e-01
2.414182903888101583e-01 4.831326293363060742e-01 9.090000000000000302e-01 8.189999999999999503e-01
2.090341544637211446e-01 4.282070751899451633e-01 9.254000000000000004e-01 8.429999999999999716e-01
2.820204552047543278e-01 5.059356675494468547e-01 8.866000000000000547e-01 8.249999999999999556e-01
2.203085943341847319e-01 4.521601266586243173e-01 9.185999999999999721e-01 8.279999999999999583e-01
2.338763553323932598e-01 4.800733490879755538e-01 9.180000000000000382e-01 8.349999999999999645e-01
2.407899359304693510e-01 4.824829552971842683e-01 9.095999999999999641e-01 8.319999999999999618e-01
2.118415350231387384e-01 4.769861422714143928e-01 9.190000000000000391e-01 8.389999999999999680e-01
2.130785694837368793e-01 4.473246069854969753e-01 9.240000000000000435e-01 8.369999999999999662e-01
2.125912291498067153e-01 4.362876498297183492e-01 9.237999999999999545e-01 8.479999999999999760e-01
2.566693623244593048e-01 5.243812431787870931e-01 9.055999999999999606e-01 8.219999999999999529e-01
2.019135208683799920e-01 4.387579367044789347e-01 9.277999999999999581e-01 8.439999999999999725e-01
2.132490221725818202e-01 4.624733098958622723e-01 9.245999999999999774e-01 8.429999999999999716e-01
2.158792699678388216e-01 4.650405832940281425e-01 9.223999999999999977e-01 8.329999999999999627e-01
2.222157950641343582e-01 4.725074197129345288e-01 9.210000000000000409e-01 8.339999999999999636e-01
2.038137050432713704e-01 4.603235256942871390e-01 9.247999999999999554e-01 8.269999999999999574e-01
1.937123775969943895e-01 4.400513361729265771e-01 9.327999999999999625e-01 8.359999999999999654e-01
2.092427371701854888e-01 4.765323572431098831e-01 9.220000000000000417e-01 8.389999999999999680e-01
1.930624535904466588e-01 4.149592860651464266e-01 9.384000000000000119e-01 8.379999999999999671e-01
2.192709918729475183e-01 4.813901811215439697e-01 9.182000000000000162e-01 8.379999999999999671e-01
2.144684634912597254e-01 4.833260307907576436e-01 9.193999999999999950e-01 8.299999999999999600e-01
1.903389700249859262e-01 4.352304089754364669e-01 9.350000000000000533e-01 8.449999999999999734e-01
1.949590345153760507e-01 4.504693109307424392e-01 9.360000000000000542e-01 8.379999999999999671e-01
2.202147976780190752e-01 4.741083717067857140e-01 9.200000000000000400e-01 8.329999999999999627e-01
1.964605172465504757e-01 4.680562084192997907e-01 9.300000000000000488e-01 8.349999999999999645e-01
2.171819031137684763e-01 4.771769062805844008e-01 9.172000000000000153e-01 8.209999999999999520e-01
2.097368345691878466e-01 4.879537430591693314e-01 9.207999999999999519e-01 8.299999999999999600e-01
1.896949991564375881e-01 4.474598368271436866e-01 9.337999999999999634e-01 8.369999999999999662e-01
2.096267113227177903e-01 4.794632404798246372e-01 9.230000000000000426e-01 8.299999999999999600e-01
1.947142938528808320e-01 4.800696081128796866e-01 9.270000000000000462e-01 8.359999999999999654e-01
2.049796082911633788e-01 4.901851418424540974e-01 9.252000000000000224e-01 8.289999999999999591e-01
1.967293693418513678e-01 4.595152140183784151e-01 9.270000000000000462e-01 8.469999999999999751e-01
2.307238626872736009e-01 4.986358502231891254e-01 9.122000000000000108e-01 8.269999999999999574e-01
1.785406704620285112e-01 4.365156956635455332e-01 9.382000000000000339e-01 8.419999999999999707e-01
2.086480851043185369e-01 4.942850724677702035e-01 9.187999999999999501e-01 8.339999999999999636e-01
1.868824484239841321e-01 4.626099220629744102e-01 9.327999999999999625e-01 8.409999999999999698e-01
2.527754153239435420e-01 5.658748787513875333e-01 9.060000000000000275e-01 8.259999999999999565e-01
1.905528770551004891e-01 4.628766890847537119e-01 9.330000000000000515e-01 8.359999999999999654e-01
1.945198080382536387e-01 4.620900773718574772e-01 9.324000000000000066e-01 8.319999999999999618e-01
1.786001324635238807e-01 4.727753225344187293e-01 9.395999999999999908e-01 8.359999999999999654e-01
2.142410609299588153e-01 5.039448296068517186e-01 9.222000000000000197e-01 8.239999999999999547e-01
1.825338562597700054e-01 4.889008349987504776e-01 9.322000000000000286e-01 8.309999999999999609e-01
1.932927685955672659e-01 4.940644127954874620e-01 9.302000000000000268e-01 8.219999999999999529e-01
1.761384190330292643e-01 4.320350071616335663e-01 9.459999999999999520e-01 8.419999999999999707e-01
2.204581671792616437e-01 5.112489373869294473e-01 9.157999999999999474e-01 8.279999999999999583e-01
1.940854221411186242e-01 4.996009458817848858e-01 9.272000000000000242e-01 8.339999999999999636e-01
1.720790201040494072e-01 4.398586938993873652e-01 9.407999999999999696e-01 8.459999999999999742e-01
2.113306005959368072e-01 5.038177184358103577e-01 9.147999999999999465e-01 8.299999999999999600e-01
1.963490400240366363e-01 4.866953663727067725e-01 9.260000000000000453e-01 8.319999999999999618e-01
2.232246457820042385e-01 4.794614214888572312e-01 9.140000000000000346e-01 8.199999999999999512e-01
1.954827470132351475e-01 4.633231793093459672e-01 9.332000000000000295e-01 8.319999999999999618e-01
1.694373276891847080e-01 4.469283092796912937e-01 9.409999999999999476e-01 8.399999999999999689e-01
1.921807971814800675e-01 4.543317777973899796e-01 9.337999999999999634e-01 8.329999999999999627e-01
1.934742904014181142e-01 4.699819182687939301e-01 9.284000000000000030e-01 8.379999999999999671e-01
1.670998721052088520e-01 4.530114267955089868e-01 9.407999999999999696e-01 8.399999999999999689e-01
2.091361493011620887e-01 4.847294252086161159e-01 9.200000000000000400e-01 8.259999999999999565e-01
2.394348176629499947e-01 5.478327147232358030e-01 9.008000000000000451e-01 8.090000000000000524e-01
1.826809854293519608e-01 4.863161315175119626e-01 9.325999999999999845e-01 8.249999999999999556e-01
1.816055393399943485e-01 4.645626332359139576e-01 9.384000000000000119e-01 8.379999999999999671e-01
1.680305162301060917e-01 4.524412283945540292e-01 9.407999999999999696e-01 8.349999999999999645e-01
1.921213454160114187e-01 4.974329801730585920e-01 9.302000000000000268e-01 8.329999999999999627e-01
1.756487295692515660e-01 4.671969273337827078e-01 9.384000000000000119e-01 8.369999999999999662e-01
1.768331242620939103e-01 4.681552364891574114e-01 9.364000000000000101e-01 8.299999999999999600e-01
1.893070182932458378e-01 4.995626534911237204e-01 9.342000000000000304e-01 8.349999999999999645e-01
2.501512323504952451e-01 5.555921004197906798e-01 9.025999999999999579e-01 8.169999999999999485e-01
1.711641406599225812e-01 4.561682341397421125e-01 9.402000000000000357e-01 8.369999999999999662e-01
1.565434720916924205e-01 4.382624246459062012e-01 9.472000000000000419e-01 8.499999999999999778e-01
2.001011243495686709e-01 4.719575313456608190e-01 9.275999999999999801e-01 8.249999999999999556e-01
1.806695444151394658e-01 4.654185222239555220e-01 9.340000000000000524e-01 8.459999999999999742e-01
1.664463744358476993e-01 4.732575027010864077e-01 9.374000000000000110e-01 8.379999999999999671e-01
1.680841167650005408e-01 4.538413671032562879e-01 9.439999999999999503e-01 8.449999999999999734e-01
1.660408926107793948e-01 4.547734289078007586e-01 9.419999999999999485e-01 8.369999999999999662e-01
2.065261826797407940e-01 4.953379726542694872e-01 9.222000000000000197e-01 8.299999999999999600e-01
1.871284173586394428e-01 4.923047263431636900e-01 9.280000000000000471e-01 8.249999999999999556e-01
1.708793080216444715e-01 4.816279637792799662e-01 9.387999999999999678e-01 8.349999999999999645e-01
1.813526723662930717e-01 4.824033700210976217e-01 9.352000000000000313e-01 8.379999999999999671e-01
1.784963994370180052e-01 4.824474657780401521e-01 9.362000000000000322e-01 8.359999999999999654e-01
1.693261658044212803e-01 4.857180722809172346e-01 9.397999999999999687e-01 8.269999999999999574e-01
1.758887169515417070e-01 5.115343841994479668e-01 9.345999999999999863e-01 8.299999999999999600e-01
1.951899598594593055e-01 5.123157202931497567e-01 9.282000000000000250e-01 8.339999999999999636e-01
1.746636851298086213e-01 4.570663107779348588e-01 9.389999999999999458e-01 8.379999999999999671e-01
1.682440308959953223e-01 4.645859969206703743e-01 9.427999999999999714e-01 8.359999999999999654e-01
1.592641764952155981e-01 4.576228730366621034e-01 9.484000000000000208e-01 8.389999999999999680e-01
1.628437650206244203e-01 4.546665382498012997e-01 9.497999999999999776e-01 8.309999999999999609e-01
1.606540787571020534e-01 4.530813506661519607e-01 9.442000000000000393e-01 8.499999999999999778e-01
1.458938317112031258e-01 4.440415163817230115e-01 9.524000000000000243e-01 8.359999999999999654e-01
1.566618139855110725e-01 4.597452239845223332e-01 9.437999999999999723e-01 8.389999999999999680e-01
1.822490155822529823e-01 5.063214176086152651e-01 9.324000000000000066e-01 8.319999999999999618e-01
1.840197099752632626e-01 5.328138591647806344e-01 9.324000000000000066e-01 8.249999999999999556e-01
1.579274766448549860e-01 4.642445758059040584e-01 9.462000000000000410e-01 8.329999999999999627e-01
1.924584060241189554e-01 5.216297506061605693e-01 9.287999999999999590e-01 8.259999999999999565e-01
1.530410712057485301e-01 4.604481880978893993e-01 9.507999999999999785e-01 8.329999999999999627e-01
1.798120968420930665e-01 4.880752455658810551e-01 9.330000000000000515e-01 8.299999999999999600e-01
1.575631024612720033e-01 4.634799683589117536e-01 9.444000000000000172e-01 8.389999999999999680e-01
1.981550506474788198e-01 5.196754631462602303e-01 9.274000000000000021e-01 8.379999999999999671e-01
1.704650748956728079e-01 4.682494572286853840e-01 9.417999999999999705e-01 8.319999999999999618e-01
1.819745500009664341e-01 4.912475549954869458e-01 9.354000000000000092e-01 8.409999999999999698e-01
1.644276516252491660e-01 4.502694220744892784e-01 9.419999999999999485e-01 8.429999999999999716e-01
1.702422612579006511e-01 4.864339113998383812e-01 9.382000000000000339e-01 8.349999999999999645e-01
1.796112470182925080e-01 5.130582282637308200e-01 9.350000000000000533e-01 8.389999999999999680e-01
2.013352144414219669e-01 5.140284982788501100e-01 9.217999999999999527e-01 8.349999999999999645e-01
2.389322787950005356e-01 5.703183835210595687e-01 9.043999999999999817e-01 8.110000000000000542e-01
1.481238958517997473e-01 4.313130878658797407e-01 9.499999999999999556e-01 8.479999999999999760e-01
1.515421807678250521e-01 4.543157458097875079e-01 9.497999999999999776e-01 8.519999999999999796e-01
1.811341988224445254e-01 4.954467945055792688e-01 9.285999999999999810e-01 8.359999999999999654e-01
1.705744910841868189e-01 4.924650223394409498e-01 9.352000000000000313e-01 8.279999999999999583e-01
1.489906568370411577e-01 4.495064686034494494e-01 9.479999999999999538e-01 8.539999999999999813e-01
1.615839918437694533e-01 4.915058087981449275e-01 9.389999999999999458e-01 8.259999999999999565e-01
1.877732919673009426e-01 4.915875231222832098e-01 9.272000000000000242e-01 8.369999999999999662e-01
1.802381542457789920e-01 5.369467812998208744e-01 9.314000000000000057e-01 8.359999999999999654e-01
1.489049452427454179e-01 4.765635479504378158e-01 9.499999999999999556e-01 8.299999999999999600e-01
1.779098581940313784e-01 4.992411385649767053e-01 9.314000000000000057e-01 8.279999999999999583e-01
1.972056919957239085e-01 5.038743364189584018e-01 9.277999999999999581e-01 8.329999999999999627e-01
1.810716026549423208e-01 5.278529327831802398e-01 9.307999999999999607e-01 8.239999999999999547e-01
1.627523282714483654e-01 4.783847590579481945e-01 9.417999999999999705e-01 8.389999999999999680e-01
2.398239365427195513e-01 5.447276582948409329e-01 9.143999999999999906e-01 8.120000000000000551e-01
1.565610692276683813e-01 4.604890486202522504e-01 9.439999999999999503e-01 8.349999999999999645e-01
1.683215595904118678e-01 4.786947293083325117e-01 9.427999999999999714e-01 8.389999999999999680e-01
1.611322251303236031e-01 4.635171237757884644e-01 9.444000000000000172e-01 8.359999999999999654e-01
1.831437732087865811e-01 5.122912635917480362e-01 9.305999999999999828e-01 8.299999999999999600e-01
1.707417249639488765e-01 4.817757728332913714e-01 9.389999999999999458e-01 8.369999999999999662e-01
1.708086586188492517e-01 4.906251510217424783e-01 9.377999999999999670e-01 8.259999999999999565e-01
1.606861578920402434e-01 4.517461217463226708e-01 9.464000000000000190e-01 8.369999999999999662e-01
1.559572052143390342e-01 4.794926892596048651e-01 9.477999999999999758e-01 8.369999999999999662e-01
1.639429905427676470e-01 4.948225663976008049e-01 9.395999999999999908e-01 8.299999999999999600e-01
1.698794414758524607e-01 4.957500168169718946e-01 9.375999999999999890e-01 8.359999999999999654e-01
1.892016439021147745e-01 5.323376172947995588e-01 9.292000000000000259e-01 8.229999999999999538e-01
1.617347610861325502e-01 4.601035946589717152e-01 9.422000000000000375e-01 8.349999999999999645e-01
1.701792830369742715e-01 4.474490575960847760e-01 9.424000000000000155e-01 8.299999999999999600e-01
1.557844455460410393e-01 4.839985210054892906e-01 9.495999999999999996e-01 8.409999999999999698e-01
1.576704964399134046e-01 4.891291706080990176e-01 9.429999999999999494e-01 8.409999999999999698e-01
1.485263765398280311e-01 4.672546849102412470e-01 9.482000000000000428e-01 8.409999999999999698e-01
1.830983580085153162e-01 5.151036155225628965e-01 9.332000000000000295e-01 8.359999999999999654e-01
1.728310639664694948e-01 5.065688262670582365e-01 9.382000000000000339e-01 8.329999999999999627e-01
1.514778026124192489e-01 4.906843883710916843e-01 9.474000000000000199e-01 8.379999999999999671e-01
1.539298240658463768e-01 4.696016234383789678e-01 9.465999999999999970e-01 8.439999999999999725e-01
1.798508664047306360e-01 5.418362554744140525e-01 9.320000000000000506e-01 8.209999999999999520e-01
1.449293508396089503e-01 4.621660377774493567e-01 9.489999999999999547e-01 8.509999999999999787e-01
1.382778532234964219e-01 4.779495953103100603e-01 9.507999999999999785e-01 8.379999999999999671e-01
1.470518982314563128e-01 4.874530062719117374e-01 9.474000000000000199e-01 8.409999999999999698e-01
1.797399964764014313e-01 5.172166774604725070e-01 9.332000000000000295e-01 8.299999999999999600e-01
2.352554901001004950e-01 5.944471329662263104e-01 9.085999999999999632e-01 8.169999999999999485e-01
1.516229140802882180e-01 4.866295730245646656e-01 9.467999999999999750e-01 8.329999999999999627e-01
1.538387933441028865e-01 4.789145541238553072e-01 9.425999999999999934e-01 8.399999999999999689e-01
1.393730380127577162e-01 5.070915378558470410e-01 9.489999999999999547e-01 8.469999999999999751e-01
1.453864097332013827e-01 4.726663881557340297e-01 9.527999999999999803e-01 8.439999999999999725e-01
1.922710887196010243e-01 5.275522707135679168e-01 9.257999999999999563e-01 8.369999999999999662e-01
1.649315332525979894e-01 5.020169507790552821e-01 9.384000000000000119e-01 8.399999999999999689e-01
1.652069849710850191e-01 5.248307385213800691e-01 9.384000000000000119e-01 8.259999999999999565e-01
1.353032164406069437e-01 4.652814396990997969e-01 9.554000000000000270e-01 8.289999999999999591e-01
1.599627854486440626e-01 4.914827770279814323e-01 9.417999999999999705e-01 8.279999999999999583e-01
1.687014995309194521e-01 4.848225440326828228e-01 9.384000000000000119e-01 8.339999999999999636e-01
1.531029226672978028e-01 4.840038660897345579e-01 9.439999999999999503e-01 8.259999999999999565e-01
1.616303576303039780e-01 4.935829016884701881e-01 9.414000000000000146e-01 8.339999999999999636e-01
2.099804456009622400e-01 5.302788105797646701e-01 9.227999999999999536e-01 8.179999999999999494e-01
1.687647107216470876e-01 4.860290368543612183e-01 9.394000000000000128e-01 8.229999999999999538e-01
1.393210422443577623e-01 4.815401769446283620e-01 9.544000000000000261e-01 8.419999999999999707e-01
1.495600295773435451e-01 4.965619222292750878e-01 9.437999999999999723e-01 8.359999999999999654e-01
1.496712680010498508e-01 4.493590861590299745e-01 9.485999999999999988e-01 8.449999999999999734e-01
2.209804560468429380e-01 5.506497625027070297e-01 9.162000000000000144e-01 8.219999999999999529e-01
1.392134859659345802e-01 4.446154820734471991e-01 9.562000000000000499e-01 8.419999999999999707e-01
1.316043772843584481e-01 4.606737843539884802e-01 9.576000000000000068e-01 8.409999999999999698e-01
1.507200529625088714e-01 4.656654893122018635e-01 9.514000000000000234e-01 8.379999999999999671e-01
1.581237006429479508e-01 4.569728871773112711e-01 9.477999999999999758e-01 8.389999999999999680e-01
1.587602488342738649e-01 4.793473502322363466e-01 9.445999999999999952e-01 8.449999999999999734e-01
1.836186056480452744e-01 5.151858250921229621e-01 9.350000000000000533e-01 8.429999999999999716e-01
1.342946359485743535e-01 4.807393323902927063e-01 9.579999999999999627e-01 8.329999999999999627e-01
1.318714806439853504e-01 4.589847019816960527e-01 9.556000000000000050e-01 8.449999999999999734e-01
1.746691472424730385e-01 5.040110689395435051e-01 9.379999999999999449e-01 8.349999999999999645e-01
1.579791734915934609e-01 5.038411484263255469e-01 9.455999999999999961e-01 8.299999999999999600e-01
1.963148701516840566e-01 5.208342040394043915e-01 9.247999999999999554e-01 8.090000000000000524e-01
1.671408510169889172e-01 5.182905582500787478e-01 9.379999999999999449e-01 8.359999999999999654e-01
1.458271018321749268e-01 4.629332736862927233e-01 9.469999999999999529e-01 8.449999999999999734e-01
1.542587266859453965e-01 4.681134543828802674e-01 9.514000000000000234e-01 8.369999999999999662e-01
1.702433676988024114e-01 4.774814082042699859e-01 9.365999999999999881e-01 8.349999999999999645e-01
1.280202335495630450e-01 4.473159194919726356e-01 9.584000000000000297e-01 8.359999999999999654e-01
1.436436037915325425e-01 4.663661114618303238e-01 9.475999999999999979e-01 8.419999999999999707e-01
1.268771673755846596e-01 4.710758164197326181e-01 9.589999999999999636e-01 8.549999999999999822e-01
1.254272568304220792e-01 4.461011913296622500e-01 9.631999999999999451e-01 8.459999999999999742e-01
1.437030726628268917e-01 4.955874155094801559e-01 9.485999999999999988e-01 8.389999999999999680e-01
1.369554443068901617e-01 4.354580556433876315e-01 9.569999999999999618e-01 8.449999999999999734e-01
1.726374648229272168e-01 5.210493630095069939e-01 9.350000000000000533e-01 8.209999999999999520e-01
1.727635894546691309e-01 5.066652457361459083e-01 9.337999999999999634e-01 8.239999999999999547e-01
1.817751669942924142e-01 5.069626725774846188e-01 9.317999999999999616e-01 8.129999999999999449e-01
1.359905403443238403e-01 4.805401125158262898e-01 9.587999999999999856e-01 8.379999999999999671e-01
1.671736415598035208e-01 4.936111304615423134e-01 9.424000000000000155e-01 8.249999999999999556e-01
1.408316865433872911e-01 4.852080152338204555e-01 9.537999999999999812e-01 8.429999999999999716e-01
1.506853246411111735e-01 5.040958245113473790e-01 9.455999999999999961e-01 8.379999999999999671e-01
1.228207792703300133e-01 4.527032493708375016e-01 9.607999999999999874e-01 8.429999999999999716e-01
1.382878568945042908e-01 4.764823256971687515e-01 9.552000000000000490e-01 8.429999999999999716e-01
1.331059585963177416e-01 4.365487960999178685e-01 9.586000000000000076e-01 8.509999999999999787e-01
1.373974850119896729e-01 4.899798602227339317e-01 9.506000000000000005e-01 8.419999999999999707e-01
2.233540889954930275e-01 5.813494861839353378e-01 9.172000000000000153e-01 8.189999999999999503e-01
1.502817438747112988e-01 5.149552163466339927e-01 9.444000000000000172e-01 8.349999999999999645e-01
1.341860681254441745e-01 4.611575443282783793e-01 9.549999999999999600e-01 8.459999999999999742e-01
1.380277613687595772e-01 4.468964961324515817e-01 9.559999999999999609e-01 8.379999999999999671e-01
1.486287198178980196e-01 4.863321087137200127e-01 9.474000000000000199e-01 8.439999999999999725e-01
1.522640110351987375e-01 5.141846538169057013e-01 9.489999999999999547e-01 8.229999999999999538e-01
1.354664682163258527e-01 4.669911888323692306e-01 9.536000000000000032e-01 8.379999999999999671e-01
1.345825526415272144e-01 4.374850451265711038e-01 9.589999999999999636e-01 8.429999999999999716e-01
1.396476390864125339e-01 4.821174594700777249e-01 9.494000000000000217e-01 8.389999999999999680e-01
1.328149854596064050e-01 4.682168244319803163e-01 9.544000000000000261e-01 8.439999999999999725e-01
1.597052605883186593e-01 4.817345002669589094e-01 9.439999999999999503e-01 8.379999999999999671e-01
1.295072701546926275e-01 4.743117796158797250e-01 9.596000000000000085e-01 8.379999999999999671e-01
1.486624087412944384e-01 5.063366255987128417e-01 9.462000000000000410e-01 8.329999999999999627e-01
1.362656223886570539e-01 4.652527554017947264e-01 9.537999999999999812e-01 8.439999999999999725e-01
1.497977435883261488e-01 5.056860378697870528e-01 9.467999999999999750e-01 8.269999999999999574e-01
1.668395933891546890e-01 5.068095864595824063e-01 9.375999999999999890e-01 8.349999999999999645e-01
1.375321493220522384e-01 4.692793271572654468e-01 9.554000000000000270e-01 8.279999999999999583e-01
1.592408739688593311e-01 5.192942261317183839e-01 9.389999999999999458e-01 8.309999999999999609e-01
1.328292592830884189e-01 4.897560674518886548e-01 9.532000000000000473e-01 8.409999999999999698e-01
1.454664229814667531e-01 4.710527031651517982e-01 9.494000000000000217e-01 8.449999999999999734e-01
1.555067289060820535e-01 5.326506224136469125e-01 9.449999999999999512e-01 8.369999999999999662e-01
1.598990847544963512e-01 4.821204611194626621e-01 9.454000000000000181e-01 8.309999999999999609e-01
1.707305141615134692e-01 5.050699818686398279e-01 9.414000000000000146e-01 8.399999999999999689e-01
1.434001071751449530e-01 4.676903457199389491e-01 9.534000000000000252e-01 8.259999999999999565e-01
1.447298135220055348e-01 4.767072746657039506e-01 9.512000000000000455e-01 8.459999999999999742e-01
1.507847962202049641e-01 4.736343268715310084e-01 9.494000000000000217e-01 8.369999999999999662e-01
1.374630240967485983e-01 5.002196659557281988e-01 9.527999999999999803e-01 8.259999999999999565e-01
1.286951705509784827e-01 4.681314593898082688e-01 9.589999999999999636e-01 8.499999999999999778e-01
1.326101405705768788e-01 4.643252763193820298e-01 9.557999999999999829e-01 8.409999999999999698e-01
1.535614253249668881e-01 4.877869508275840538e-01 9.434000000000000163e-01 8.469999999999999751e-01
1.521466648240414055e-01 4.899012377507845351e-01 9.459999999999999520e-01 8.309999999999999609e-01
1.367410543273171186e-01 4.953135403317846519e-01 9.554000000000000270e-01 8.429999999999999716e-01
1.423971211966281181e-01 5.068674012972341769e-01 9.482000000000000428e-01 8.309999999999999609e-01
1.367836063099263921e-01 5.009298209504752242e-01 9.569999999999999618e-01 8.219999999999999529e-01
1.440634699065922730e-01 4.502733335772272083e-01 9.577999999999999847e-01 8.479999999999999760e-01
1.288882093355709357e-01 4.848341553949779836e-01 9.577999999999999847e-01 8.379999999999999671e-01
1.244588257549861798e-01 4.553433279935145128e-01 9.596000000000000085e-01 8.409999999999999698e-01
1.228922245710365596e-01 4.528197720987545694e-01 9.572000000000000508e-01 8.529999999999999805e-01
1.436671152397245022e-01 4.805672706247282600e-01 9.502000000000000446e-01 8.389999999999999680e-01
1.630127091508318526e-01 5.322720534120849445e-01 9.370000000000000551e-01 8.269999999999999574e-01
1.462345007458483448e-01 5.070877362998713611e-01 9.447999999999999732e-01 8.329999999999999627e-01
1.375222727354461216e-01 4.729063323151712073e-01 9.516000000000000014e-01 8.379999999999999671e-01
1.584579108399373215e-01 4.814771786852742319e-01 9.422000000000000375e-01 8.489999999999999769e-01
1.311748379402242759e-01 4.869346005294898361e-01 9.537999999999999812e-01 8.369999999999999662e-01
1.902810634427752889e-01 5.650987563609441988e-01 9.275999999999999801e-01 8.309999999999999609e-01
1.579469772331044963e-01 4.747544936885416123e-01 9.459999999999999520e-01 8.279999999999999583e-01
1.520862391417526216e-01 4.940435487844560547e-01 9.464000000000000190e-01 8.439999999999999725e-01
1.238281362579079781e-01 4.820628606179049869e-01 9.576000000000000068e-01 8.379999999999999671e-01
1.302472066477784740e-01 5.040001945760885782e-01 9.554000000000000270e-01 8.449999999999999734e-01
1.240483095874562597e-01 4.751758009943372607e-01 9.604000000000000314e-01 8.369999999999999662e-01
2.051628612304243759e-01 5.323022230553058343e-01 9.197999999999999510e-01 8.149999999999999467e-01
1.232703321729566592e-01 4.439035910051671863e-01 9.616000000000000103e-01 8.499999999999999778e-01
1.307502923695942620e-01 4.894354402025410389e-01 9.586000000000000076e-01 8.489999999999999769e-01
1.539897488354115829e-01 5.294132483142472978e-01 9.424000000000000155e-01 8.319999999999999618e-01
1.784589211357551219e-01 5.367783061623406793e-01 9.257999999999999563e-01 8.199999999999999512e-01
2.008546297064726927e-01 5.573364652137975384e-01 9.192000000000000171e-01 7.990000000000000435e-01
1.322512151873891650e-01 4.846159453936005335e-01 9.512000000000000455e-01 8.459999999999999742e-01
1.342264857202005446e-01 4.733600228581097968e-01 9.572000000000000508e-01 8.509999999999999787e-01
1.244764419786467680e-01 4.728830120530916337e-01 9.596000000000000085e-01 8.419999999999999707e-01
1.228321483676272641e-01 4.488603738421925726e-01 9.626000000000000112e-01 8.469999999999999751e-01
1.322021633636366322e-01 4.722174980534692978e-01 9.547999999999999821e-01 8.429999999999999716e-01
1.408419383718110540e-01 4.779069033091381535e-01 9.529999999999999583e-01 8.379999999999999671e-01
1.440381115840445314e-01 4.946214312638645416e-01 9.454000000000000181e-01 8.469999999999999751e-01
1.647793607148589912e-01 5.243832872619846874e-01 9.394000000000000128e-01 8.339999999999999636e-01
1.575202671291096868e-01 4.834101949955394995e-01 9.414000000000000146e-01 8.309999999999999609e-01
1.586036674499644861e-01 5.069323948609613106e-01 9.409999999999999476e-01 8.479999999999999760e-01
1.551314718249038882e-01 4.940639875519741708e-01 9.402000000000000357e-01 8.389999999999999680e-01
1.284638151347651247e-01 4.649190454535262473e-01 9.617999999999999883e-01 8.419999999999999707e-01
1.172103533790252450e-01 4.750376961900714123e-01 9.614000000000000323e-01 8.349999999999999645e-01
1.813370784054139928e-01 5.281258104069401771e-01 9.307999999999999607e-01 8.139999999999999458e-01
1.247756346681487966e-01 4.649303914197999155e-01 9.596000000000000085e-01 8.529999999999999805e-01
1.399586109981084958e-01 4.696331981265829958e-01 9.494000000000000217e-01 8.439999999999999725e-01
1.474173075273230715e-01 4.867726571191026141e-01 9.506000000000000005e-01 8.229999999999999538e-01
1.753145983601386848e-01 5.318661936529445189e-01 9.374000000000000110e-01 8.379999999999999671e-01
1.552750578784116986e-01 4.780952263983476724e-01 9.449999999999999512e-01 8.339999999999999636e-01
1.597447887934210498e-01 4.820203846583917540e-01 9.435999999999999943e-01 8.419999999999999707e-01
1.495839543569318641e-01 4.969346421668539016e-01 9.434000000000000163e-01 8.419999999999999707e-01
1.276652216611635637e-01 4.749391175158351186e-01 9.612000000000000544e-01 8.479999999999999760e-01
1.160846075962072010e-01 4.711199336674254945e-01 9.627999999999999892e-01 8.299999999999999600e-01
1.451126300982570339e-01 5.048500583784780726e-01 9.485999999999999988e-01 8.309999999999999609e-01
1.540684052060512788e-01 4.978244744607713823e-01 9.442000000000000393e-01 8.379999999999999671e-01
1.344879374114991977e-01 4.851774924733790462e-01 9.559999999999999609e-01 8.439999999999999725e-01
1.539063532865488360e-01 4.925699752861709135e-01 9.447999999999999732e-01 8.299999999999999600e-01
1.381345427071831444e-01 4.941816172187878387e-01 9.524000000000000243e-01 8.319999999999999618e-01
1.632152963729433526e-01 4.939995608625825096e-01 9.435999999999999943e-01 8.229999999999999538e-01
1.167769283529923596e-01 4.643451836723878623e-01 9.637999999999999901e-01 8.399999999999999689e-01
1.064532075671303091e-01 4.716125919288099988e-01 9.659999999999999698e-01 8.469999999999999751e-01
1.224550219864672662e-01 4.990833189080223220e-01 9.604000000000000314e-01 8.429999999999999716e-01
1.242562902278013109e-01 4.668028758135286393e-01 9.594000000000000306e-01 8.499999999999999778e-01
1.593779733108548480e-01 5.040669322653027473e-01 9.407999999999999696e-01 8.279999999999999583e-01
1.211581637250853244e-01 4.667057639283659354e-01 9.617999999999999883e-01 8.409999999999999698e-01
1.378137731642619102e-01 5.118511428859112700e-01 9.494000000000000217e-01 8.359999999999999654e-01
1.330822780541445760e-01 4.630981771289547355e-01 9.546000000000000041e-01 8.389999999999999680e-01
1.266291659230201760e-01 5.099202688786172999e-01 9.557999999999999829e-01 8.379999999999999671e-01
1.815076450816980047e-01 5.558583134217386368e-01 9.300000000000000488e-01 8.159999999999999476e-01
1.158836975457022134e-01 5.006972946922768619e-01 9.604000000000000314e-01 8.379999999999999671e-01
1.262901158311377225e-01 4.704119229186567441e-01 9.579999999999999627e-01 8.429999999999999716e-01
2.207413929967582678e-01 6.115039444080652142e-01 9.180000000000000382e-01 8.159999999999999476e-01
1.444345441936833729e-01 5.218480667346613311e-01 9.457999999999999741e-01 8.279999999999999583e-01
1.354950027026050885e-01 5.068453354595160443e-01 9.502000000000000446e-01 8.429999999999999716e-01
1.347566967953804928e-01 4.928020993879622114e-01 9.516000000000000014e-01 8.439999999999999725e-01
1.288865929361329432e-01 4.715634414004436503e-01 9.589999999999999636e-01 8.419999999999999707e-01
1.276044646957252560e-01 4.765755835156961773e-01 9.582000000000000517e-01 8.529999999999999805e-01
1.296544295195533880e-01 4.673145305696596585e-01 9.572000000000000508e-01 8.359999999999999654e-01
1.355672135723484384e-01 4.930753573056466665e-01 9.529999999999999583e-01 8.329999999999999627e-01
1.243510877981061219e-01 4.610775289621122930e-01 9.602000000000000535e-01 8.399999999999999689e-01
1.386803271028372031e-01 4.937008452916104573e-01 9.497999999999999776e-01 8.249999999999999556e-01
2.289049152100608719e-01 6.205526308645548106e-01 9.102000000000000091e-01 8.209999999999999520e-01
1.324874861609288690e-01 4.820405456142516920e-01 9.564000000000000279e-01 8.449999999999999734e-01
1.268233983563072376e-01 4.652167224255097655e-01 9.602000000000000535e-01 8.349999999999999645e-01
1.257685131455451022e-01 4.614440408816691819e-01 9.626000000000000112e-01 8.419999999999999707e-01
1.306465427387935863e-01 5.240977025364573771e-01 9.524000000000000243e-01 8.359999999999999654e-01
1.288332265115708086e-01 4.765226786483597321e-01 9.554000000000000270e-01 8.429999999999999716e-01
1.199365971693528710e-01 4.874547418092325946e-01 9.622000000000000552e-01 8.419999999999999707e-01
1.396643209698977817e-01 5.076725905811788619e-01 9.522000000000000464e-01 8.329999999999999627e-01
1.278597341749642124e-01 4.666182992731375268e-01 9.577999999999999847e-01 8.469999999999999751e-01
1.157153995420909659e-01 4.726793564252789737e-01 9.646000000000000130e-01 8.439999999999999725e-01
1.727146735357868168e-01 5.373867985950613324e-01 9.327999999999999625e-01 8.339999999999999636e-01
1.223392002118374594e-01 4.801636219077418111e-01 9.606000000000000094e-01 8.389999999999999680e-01
1.384342982565386349e-01 4.891693621618229404e-01 9.502000000000000446e-01 8.399999999999999689e-01
1.333336073797954935e-01 4.875750855141309792e-01 9.546000000000000041e-01 8.409999999999999698e-01
1.236729281160741656e-01 5.009195674736359738e-01 9.577999999999999847e-01 8.289999999999999591e-01
1.345515802240831449e-01 4.667058600630260567e-01 9.534000000000000252e-01 8.449999999999999734e-01
1.522721844093919141e-01 5.132826099276601717e-01 9.415999999999999925e-01 8.379999999999999671e-01
1.236668421716230620e-01 4.803872357221322109e-01 9.574000000000000288e-01 8.489999999999999769e-01
1.373064148403916884e-01 4.619911800290228965e-01 9.542000000000000481e-01 8.409999999999999698e-01
