2.274468076166516362e+00 2.276443563510584855e+00 1.650000000000000078e-01 1.640000000000000069e-01
1.480047255436383713e+00 1.477905027186190212e+00 3.841999999999999860e-01 3.760000000000000009e-01
9.381225636270206225e-01 9.560679614704058471e-01 6.146000000000000352e-01 5.879999999999999671e-01
7.293632608200024681e-01 7.542526006789754822e-01 7.331999999999999629e-01 7.299999999999999822e-01
6.499369590280748010e-01 6.946840687852299245e-01 7.618000000000000327e-01 7.329999999999999849e-01
6.213487346800685707e-01 6.798662587128299073e-01 7.708000000000000407e-01 7.500000000000000000e-01
5.687403955870211636e-01 6.375268181262062628e-01 7.873999999999999888e-01 7.630000000000000115e-01
5.295485400833606082e-01 5.945363463197572695e-01 8.017999999999999572e-01 7.710000000000000187e-01
5.133835393247391243e-01 6.014732640101378980e-01 8.070000000000000506e-01 7.780000000000000249e-01
4.783105780855321232e-01 5.672072147633185901e-01 8.299999999999999600e-01 8.020000000000000462e-01
4.853152932596466740e-01 5.793375161779756866e-01 8.152000000000000357e-01 7.790000000000000258e-01
4.685400283261293430e-01 5.653299173069517014e-01 8.242000000000000437e-01 7.930000000000000382e-01
4.239004294096460623e-01 5.309434507121693070e-01 8.484000000000000430e-01 7.960000000000000409e-01
4.182940833828257543e-01 5.267507621775892046e-01 8.521999999999999575e-01 8.020000000000000462e-01
4.568661776263214236e-01 5.694882678447652502e-01 8.309999999999999609e-01 7.910000000000000364e-01
4.008713345661543137e-01 5.223294705097375479e-01 8.541999999999999593e-01 8.169999999999999485e-01
4.277123683771125728e-01 5.214962932807492013e-01 8.487999999999999989e-01 8.159999999999999476e-01
4.008741476736105147e-01 5.077494629197844001e-01 8.548000000000000043e-01 8.129999999999999449e-01
3.888632204520356406e-01 5.092707488205009403e-01 8.529999999999999805e-01 8.100000000000000533e-01
3.865477854524971280e-01 5.123287610261775260e-01 8.616000000000000325e-01 8.090000000000000524e-01
3.777917678322699202e-01 5.194612342750392076e-01 8.633999999999999453e-01 8.149999999999999467e-01
3.909172643379393297e-01 5.129901526405638013e-01 8.536000000000000254e-01 8.129999999999999449e-01
3.636962299624588724e-01 5.051792571610462801e-01 8.731999999999999762e-01 8.179999999999999494e-01
3.400508366161144047e-01 4.802783812356495874e-01 8.753999999999999559e-01 8.199999999999999512e-01
3.827198671241820449e-01 5.322906336402101202e-01 8.649999999999999911e-01 8.149999999999999467e-01
3.526959294825677271e-01 5.018944569159738966e-01 8.698000000000000176e-01 8.110000000000000542e-01
3.666623562700125905e-01 5.340217750544310471e-01 8.586000000000000298e-01 8.040000000000000480e-01
3.282994910045394232e-01 4.863641477108503475e-01 8.761999999999999789e-01 8.249999999999999556e-01
3.364906794571798643e-01 4.806050285207567607e-01 8.768000000000000238e-01 8.289999999999999591e-01
4.205480107274623403e-01 5.632341140589531836e-01 8.314000000000000279e-01 7.830000000000000293e-01
3.188720490182626044e-01 4.764626528473960287e-01 8.821999999999999842e-01 8.309999999999999609e-01
3.192335162217713740e-01 4.840936640767676269e-01 8.833999999999999631e-01 8.299999999999999600e-01
3.099554396626788555e-01 4.951934915658418035e-01 8.846000000000000529e-01 8.259999999999999565e-01
3.081096177978663864e-01 4.647497494608577306e-01 8.870000000000000107e-01 8.279999999999999583e-01
3.109609442027750359e-01 4.684891709891372269e-01 8.830000000000000071e-01 8.269999999999999574e-01
3.565729570830404871e-01 5.118067910996974001e-01 8.628000000000000114e-01 8.169999999999999485e-01
3.067329560254585252e-01 4.823070705830094784e-01 8.873999999999999666e-01 8.129999999999999449e-01
2.974536459517462816e-01 4.912689994193381038e-01 8.878000000000000336e-01 8.249999999999999556e-01
3.063595959300580707e-01 4.824440998837910555e-01 8.871999999999999886e-01 8.259999999999999565e-01
3.716174013501105100e-01 5.728683648159039743e-01 8.624000000000000554e-01 7.990000000000000435e-01
2.726611513761782457e-01 4.622656319325850749e-01 8.993999999999999773e-01 8.389999999999999680e-01
2.733654015637069223e-01 4.641615738734746754e-01 8.998000000000000442e-01 8.389999999999999680e-01
3.489175505549240719e-01 5.281893838663511698e-01 8.699999999999999956e-01 8.139999999999999458e-01
3.113016304801850542e-01 4.994076590161102835e-01 8.870000000000000107e-01 8.219999999999999529e-01
2.726394276281106643e-01 4.656407729358135184e-01 8.983999999999999764e-01 8.259999999999999565e-01
2.772993797559369922e-01 4.707895531260520849e-01 8.958000000000000407e-01 8.279999999999999583e-01
2.823815081783560554e-01 4.890945075311919910e-01 8.960000000000000187e-01 8.289999999999999591e-01
2.872482834456338008e-01 4.934666626003323953e-01 8.931999999999999940e-01 8.269999999999999574e-01
2.923100730164472361e-01 4.725270289521074085e-01 8.951999999999999957e-01 8.149999999999999467e-01
2.736873211742696932e-01 4.791589982455017327e-01 9.015999999999999570e-01 8.279999999999999583e-01
2.586990393545892664e-01 4.445711486102202348e-01 9.078000000000000513e-01 8.419999999999999707e-01
2.755514014191469685e-01 4.690774655985811559e-01 8.975999999999999535e-01 8.289999999999999591e-01
2.543718657865658428e-01 4.577845226632457631e-01 9.093999999999999861e-01 8.319999999999999618e-01
2.722118152111030476e-01 4.877670044875475064e-01 9.033999999999999808e-01 8.349999999999999645e-01
2.670921582270465722e-01 4.686662820269290042e-01 9.050000000000000266e-01 8.339999999999999636e-01
2.561646934600909087e-01 4.775964927301369345e-01 9.062000000000000055e-01 8.289999999999999591e-01
2.483683408028652673e-01 4.461516602758715533e-01 9.163999999999999924e-01 8.339999999999999636e-01
2.456685613474168806e-01 4.656535183883109830e-01 9.103999999999999870e-01 8.349999999999999645e-01
2.473215896529520341e-01 4.514430574585743816e-01 9.167999999999999483e-01 8.349999999999999645e-01
2.545483537179754618e-01 4.558843298808590294e-01 9.110000000000000320e-01 8.369999999999999662e-01
2.493201425224792767e-01 4.690802619830812814e-01 9.078000000000000513e-01 8.349999999999999645e-01
2.595671227202681064e-01 4.889385181774267286e-01 9.005999999999999561e-01 8.299999999999999600e-01
2.404721096294723248e-01 4.616724058799822061e-01 9.120000000000000329e-01 8.319999999999999618e-01
2.750164984451495820e-01 5.040378391562431171e-01 8.938000000000000389e-01 8.179999999999999494e-01
2.663141390696485700e-01 5.053007408518984667e-01 8.985999999999999543e-01 8.239999999999999547e-01
2.366772525225109003e-01 4.866120241128772395e-01 9.100000000000000311e-01 8.279999999999999583e-01
2.304438865111725077e-01 4.439422411604916907e-01 9.173999999999999932e-01 8.319999999999999618e-01
2.481741620911311064e-01 4.764960337132088664e-01 9.082000000000000073e-01 8.329999999999999627e-01
2.305155547741345734e-01 4.717731786596202070e-01 9.140000000000000346e-01 8.329999999999999627e-01
2.674875770892604088e-01 5.000822967283307108e-01 8.951999999999999957e-01 8.229999999999999538e-01
2.925556777572409506e-01 5.457660691172029344e-01 8.858000000000000318e-01 8.139999999999999458e-01
2.248441756549553194e-01 4.493172150078141858e-01 9.197999999999999510e-01 8.359999999999999654e-01
2.390613625487200689e-01 4.894922470052643360e-01 9.127999999999999448e-01 8.369999999999999662e-01
2.715246513344060642e-01 4.949341687623938779e-01 8.888000000000000345e-01 8.189999999999999503e-01
2.590925170670089206e-01 5.006408462654450275e-01 9.038000000000000478e-01 8.249999999999999556e-01
2.391642749415233971e-01 4.799944255946609895e-01 9.100000000000000311e-01 8.399999999999999689e-01
2.245696381251379437e-01 4.583960423030519205e-01 9.157999999999999474e-01 8.259999999999999565e-01
2.240416016110712005e-01 4.730320303568993356e-01 9.185999999999999721e-01 8.329999999999999627e-01
2.336305473349577499e-01 4.753855543905402548e-01 9.130000000000000338e-01 8.309999999999999609e-01
2.375713600344300236e-01 5.121288449358102346e-01 9.118000000000000549e-01 8.249999999999999556e-01
2.404709904137736776e-01 4.624133684486916862e-01 9.075999999999999623e-01 8.349999999999999645e-01
2.102450736188120062e-01 4.573428142564902044e-01 9.284000000000000030e-01 8.329999999999999627e-01
2.083395329441148636e-01 4.685425314745836900e-01 9.217999999999999527e-01 8.269999999999999574e-01
2.176518527913589296e-01 4.656254116139779686e-01 9.192000000000000171e-01 8.349999999999999645e-01
2.426064419108667491e-01 5.364014654863658027e-01 9.072000000000000064e-01 8.279999999999999583e-01
2.557033319427756135e-01 5.184887047889167322e-01 9.085999999999999632e-01 8.259999999999999565e-01
1.956757519101876008e-01 4.507941721066451857e-01 9.294000000000000039e-01 8.399999999999999689e-01
2.226890671110726139e-01 4.440513135126903377e-01 9.233999999999999986e-01 8.349999999999999645e-01
2.282376980706303238e-01 4.962548772165056854e-01 9.132000000000000117e-01 8.239999999999999547e-01
2.160879114260600420e-01 4.733137194770247191e-01 9.217999999999999527e-01 8.319999999999999618e-01
2.334044678857929156e-01 4.983034991980964667e-01 9.122000000000000108e-01 8.259999999999999565e-01
1.996655747548700122e-01 4.684224776317176264e-01 9.282000000000000250e-01 8.389999999999999680e-01
2.401973187424452649e-01 5.282585089887297247e-01 9.102000000000000091e-01 8.199999999999999512e-01
2.478197133268054131e-01 5.018682031840862034e-01 9.012000000000000011e-01 8.189999999999999503e-01
2.082817485899329801e-01 4.586900971257760196e-01 9.257999999999999563e-01 8.329999999999999627e-01
2.148580687624080388e-01 4.887385590701785465e-01 9.260000000000000453e-01 8.359999999999999654e-01
2.412356327625628238e-01 4.752905355141843757e-01 9.093999999999999861e-01 8.279999999999999583e-01
2.050358574480503626e-01 4.738561656215383722e-01 9.272000000000000242e-01 8.389999999999999680e-01
2.134181179052473398e-01 4.848168377672489870e-01 9.217999999999999527e-01 8.179999999999999494e-01
2.032877134119686069e-01 4.462838400361708868e-01 9.322000000000000286e-01 8.349999999999999645e-01
1.982400560733562078e-01 4.820049745142698239e-01 9.284000000000000030e-01 8.329999999999999627e-01
2.375322544381245349e-01 5.181036146774210538e-01 9.118000000000000549e-01 8.239999999999999547e-01
1.998200408555403929e-01 4.656013782070317353e-01 9.270000000000000462e-01 8.339999999999999636e-01
2.229482128081695935e-01 5.009102305056305493e-01 9.105999999999999650e-01 8.329999999999999627e-01
1.987509435116363299e-01 4.834851028916546389e-01 9.270000000000000462e-01 8.339999999999999636e-01
2.451308189018189254e-01 5.380051912423116089e-01 9.005999999999999561e-01 8.179999999999999494e-01
2.013784971542969815e-01 4.499926466410264503e-01 9.264000000000000012e-01 8.449999999999999734e-01
1.912568804420752278e-01 4.680108963313586168e-01 9.312000000000000277e-01 8.419999999999999707e-01
1.955874933089265799e-01 4.877593724933197983e-01 9.284000000000000030e-01 8.269999999999999574e-01
1.921948093927861034e-01 5.094924838889609564e-01 9.300000000000000488e-01 8.309999999999999609e-01
2.140914724274427527e-01 4.961576973666925183e-01 9.202000000000000179e-01 8.279999999999999583e-01
1.976123744893627243e-01 4.749541353914050190e-01 9.274000000000000021e-01 8.389999999999999680e-01
1.917575866720048205e-01 4.429950173639524702e-01 9.345999999999999863e-01 8.379999999999999671e-01
1.907040172417452384e-01 4.395775105776811298e-01 9.322000000000000286e-01 8.409999999999999698e-01
2.362284586198028502e-01 4.777602477410767823e-01 9.157999999999999474e-01 8.259999999999999565e-01
2.053166157868721309e-01 4.782199803088805212e-01 9.235999999999999766e-01 8.419999999999999707e-01
2.007544892330446473e-01 4.877896939711274804e-01 9.294000000000000039e-01 8.319999999999999618e-01
1.924922963348676963e-01 4.877548778593361334e-01 9.314000000000000057e-01 8.369999999999999662e-01
2.306903524568314490e-01 5.432439438006496646e-01 9.092000000000000082e-01 8.279999999999999583e-01
2.581751078268839650e-01 5.505842191623494530e-01 8.981999999999999984e-01 8.179999999999999494e-01
2.092061161212958598e-01 4.859235948615041600e-01 9.233999999999999986e-01 8.309999999999999609e-01
1.846082127741170142e-01 4.700702653203814863e-01 9.340000000000000524e-01 8.369999999999999662e-01
1.771138817836221957e-01 4.801993780243430932e-01 9.360000000000000542e-01 8.349999999999999645e-01
1.865540543996345169e-01 4.811563187327782543e-01 9.324000000000000066e-01 8.359999999999999654e-01
2.008509657926803305e-01 5.234893934351582123e-01 9.264000000000000012e-01 8.199999999999999512e-01
2.241142056931089976e-01 5.081191400479582176e-01 9.137999999999999456e-01 8.090000000000000524e-01
2.634323612708239226e-01 5.751149431795552491e-01 9.013999999999999790e-01 8.169999999999999485e-01
2.270167661054837138e-01 5.226104263140496364e-01 9.157999999999999474e-01 8.219999999999999529e-01
1.819744979900444759e-01 4.500239585863940461e-01 9.399999999999999467e-01 8.479999999999999760e-01
2.040601791041304069e-01 4.994704710203178299e-01 9.232000000000000206e-01 8.289999999999999591e-01
2.163252387366338958e-01 5.060286439341481479e-01 9.160000000000000364e-01 8.299999999999999600e-01
1.921559881217588805e-01 4.933448691474252579e-01 9.250000000000000444e-01 8.359999999999999654e-01
1.931600018870053281e-01 4.975489842006022845e-01 9.332000000000000295e-01 8.159999999999999476e-01
1.758719075315485769e-01 4.544222009816298868e-01 9.397999999999999687e-01 8.509999999999999787e-01
1.843837158506367868e-01 4.534185590631636398e-01 9.340000000000000524e-01 8.449999999999999734e-01
1.987920765286717573e-01 5.113583923403349774e-01 9.255999999999999783e-01 8.349999999999999645e-01
2.005652173896290136e-01 4.954147134621608717e-01 9.264000000000000012e-01 8.229999999999999538e-01
1.819942789679086792e-01 4.971866975234237040e-01 9.355999999999999872e-01 8.239999999999999547e-01
1.906249304155607227e-01 4.881293152532010238e-01 9.305999999999999828e-01 8.179999999999999494e-01
1.631869216436026004e-01 4.753512604396296637e-01 9.419999999999999485e-01 8.299999999999999600e-01
1.698611738678986183e-01 4.965148005125936126e-01 9.434000000000000163e-01 8.339999999999999636e-01
1.832421313269549101e-01 4.370827849264609100e-01 9.394000000000000128e-01 8.419999999999999707e-01
1.764391102390672206e-01 4.628757752799815828e-01 9.432000000000000384e-01 8.389999999999999680e-01
2.358218306143610721e-01 5.439158331038725924e-01 9.123999999999999888e-01 8.199999999999999512e-01
1.878822714184473219e-01 4.891153609628297039e-01 9.325999999999999845e-01 8.319999999999999618e-01
1.815572719443341032e-01 4.693158873743194515e-01 9.315999999999999837e-01 8.489999999999999769e-01
1.953951612555588913e-01 5.105980557155800348e-01 9.287999999999999590e-01 8.339999999999999636e-01
1.732916183075925709e-01 4.826855337132233137e-01 9.399999999999999467e-01 8.339999999999999636e-01
2.019670324439516718e-01 4.710799222049091295e-01 9.295999999999999819e-01 8.459999999999999742e-01
1.848374522168994283e-01 4.885937920941744728e-01 9.355999999999999872e-01 8.249999999999999556e-01
2.074101570046373022e-01 5.150795021061612688e-01 9.290000000000000480e-01 8.299999999999999600e-01
1.691243435344680357e-01 4.489784599248941022e-01 9.405999999999999917e-01 8.399999999999999689e-01
1.949829749528081690e-01 5.132586739527854602e-01 9.245999999999999774e-01 8.169999999999999485e-01
2.010058147231300330e-01 5.079790669552033400e-01 9.262000000000000233e-01 8.169999999999999485e-01
1.863873829083526057e-01 4.865234052183430857e-01 9.330000000000000515e-01 8.279999999999999583e-01
1.491908506247087984e-01 4.557467316005684999e-01 9.479999999999999538e-01 8.399999999999999689e-01
2.051032406917254192e-01 5.415326402588626076e-01 9.232000000000000206e-01 8.189999999999999503e-01
1.822657724406487878e-01 4.951147573695283133e-01 9.335999999999999854e-01 8.259999999999999565e-01
1.683097700261174390e-01 5.067341554430461192e-01 9.345999999999999863e-01 8.429999999999999716e-01
2.012922735832391452e-01 5.195196283326672937e-01 9.233999999999999986e-01 8.279999999999999583e-01
1.595771258061912667e-01 4.614219378629809132e-01 9.447999999999999732e-01 8.459999999999999742e-01
1.712674006027068985e-01 4.827584458080727003e-01 9.395999999999999908e-01 8.389999999999999680e-01
2.231623836652909532e-01 5.431374087213524104e-01 9.185999999999999721e-01 8.329999999999999627e-01
2.132103190617001542e-01 5.024367546328396550e-01 9.207999999999999519e-01 8.219999999999999529e-01
1.539176068429040367e-01 4.536440386642385802e-01 9.467999999999999750e-01 8.389999999999999680e-01
1.775330868282448127e-01 4.619817863797958668e-01 9.372000000000000330e-01 8.359999999999999654e-01
1.949259532767947667e-01 5.543145069705093242e-01 9.307999999999999607e-01 8.179999999999999494e-01
2.119844199636882753e-01 5.470918852918789099e-01 9.252000000000000224e-01 8.319999999999999618e-01
1.582952206159365105e-01 4.766126048387402392e-01 9.445999999999999952e-01 8.399999999999999689e-01
1.838179809396368602e-01 4.648009573636103786e-01 9.392000000000000348e-01 8.409999999999999698e-01
1.591810554138835265e-01 4.643107116860911709e-01 9.432000000000000384e-01 8.319999999999999618e-01
1.756466462762274194e-01 5.138424756350866707e-01 9.335999999999999854e-01 8.269999999999999574e-01
1.935158275340298495e-01 5.420455479581514080e-01 9.277999999999999581e-01 8.339999999999999636e-01
1.518503671938090382e-01 4.702721808947245563e-01 9.479999999999999538e-01 8.419999999999999707e-01
1.687267520903091012e-01 4.798049369579099332e-01 9.409999999999999476e-01 8.409999999999999698e-01
1.524243177247694980e-01 4.671264792791408049e-01 9.454000000000000181e-01 8.379999999999999671e-01
2.130272081783391447e-01 5.728193431428860727e-01 9.170000000000000373e-01 8.219999999999999529e-01
1.681433954396276131e-01 4.600457155729257841e-01 9.427999999999999714e-01 8.419999999999999707e-01
1.745579409171708340e-01 5.033873999934898036e-01 9.364000000000000101e-01 8.329999999999999627e-01
1.776111886458916211e-01 4.977715732236964730e-01 9.382000000000000339e-01 8.319999999999999618e-01
1.566593763524524452e-01 4.686820561855897793e-01 9.467999999999999750e-01 8.329999999999999627e-01
1.662914310117062922e-01 4.987080660603582793e-01 9.405999999999999917e-01 8.389999999999999680e-01
1.727843862846406287e-01 5.125161202453589748e-01 9.377999999999999670e-01 8.309999999999999609e-01
1.792474568854026395e-01 4.742127954717532123e-01 9.342000000000000304e-01 8.349999999999999645e-01
1.756737226792713380e-01 4.910558863594573498e-01 9.399999999999999467e-01 8.269999999999999574e-01
1.761006021715805225e-01 5.071601608906943781e-01 9.402000000000000357e-01 8.269999999999999574e-01
1.555166941326820984e-01 4.631483451614945013e-01 9.472000000000000419e-01 8.449999999999999734e-01
1.600257936642777712e-01 5.175580079796945343e-01 9.424000000000000155e-01 8.369999999999999662e-01
1.793616976917283279e-01 4.832683849082186067e-01 9.384000000000000119e-01 8.229999999999999538e-01
1.696648457925298281e-01 4.657844412494357433e-01 9.394000000000000128e-01 8.429999999999999716e-01
1.684236602882455414e-01 4.796456383742886409e-01 9.419999999999999485e-01 8.339999999999999636e-01
1.693862599340742181e-01 5.071700297975358929e-01 9.379999999999999449e-01 8.229999999999999538e-01
1.496369940992010039e-01 4.907612853274388454e-01 9.465999999999999970e-01 8.439999999999999725e-01
1.772230404031436557e-01 5.167948509945908819e-01 9.377999999999999670e-01 8.299999999999999600e-01
1.680432916811757937e-01 5.387314330138918139e-01 9.402000000000000357e-01 8.219999999999999529e-01
1.960842791766828075e-01 5.513991122574142256e-01 9.255999999999999783e-01 8.379999999999999671e-01
1.545196858329997702e-01 5.035583193112259659e-01 9.435999999999999943e-01 8.469999999999999751e-01
1.540489365612966732e-01 5.007322764698991513e-01 9.467999999999999750e-01 8.449999999999999734e-01
1.556733875393531974e-01 5.192614394499024399e-01 9.439999999999999503e-01 8.369999999999999662e-01
2.453348862570032540e-01 5.741116536113979318e-01 9.068000000000000504e-01 8.110000000000000542e-01
1.557609938416706086e-01 4.740313345888978458e-01 9.469999999999999529e-01 8.369999999999999662e-01
1.528960383348804686e-01 4.610555884245643443e-01 9.462000000000000410e-01 8.479999999999999760e-01
1.772785902342665643e-01 5.052570320668319237e-01 9.365999999999999881e-01 8.259999999999999565e-01
1.763171368878205525e-01 4.930789217992629925e-01 9.360000000000000542e-01 8.259999999999999565e-01
1.650671594713739032e-01 4.968148382197424828e-01 9.374000000000000110e-01 8.229999999999999538e-01
1.465129438872382339e-01 4.836887312535867456e-01 9.527999999999999803e-01 8.349999999999999645e-01
1.997185601107906716e-01 5.034944994509200633e-01 9.290000000000000480e-01 8.199999999999999512e-01
1.653259289301164670e-01 5.300950803875189576e-01 9.394000000000000128e-01 8.319999999999999618e-01
1.687078931927449010e-01 4.899279903128675451e-01 9.412000000000000366e-01 8.249999999999999556e-01
2.098978447722442964e-01 5.364401414759033537e-01 9.222000000000000197e-01 8.199999999999999512e-01
1.487209233664870955e-01 4.978759336364362853e-01 9.477999999999999758e-01 8.309999999999999609e-01
1.885241847164383644e-01 5.267158081353349175e-01 9.284000000000000030e-01 8.299999999999999600e-01
1.738316834100434305e-01 4.709721023992168853e-01 9.345999999999999863e-01 8.319999999999999618e-01
1.669942692567356612e-01 4.710862794411412868e-01 9.429999999999999494e-01 8.269999999999999574e-01
1.294508943021987213e-01 4.535052428337930652e-01 9.576000000000000068e-01 8.419999999999999707e-01
1.430752486433471138e-01 4.730499306467875198e-01 9.539999999999999591e-01 8.319999999999999618e-01
1.419799831048078331e-01 4.729045559708347501e-01 9.529999999999999583e-01 8.389999999999999680e-01
1.736715755865627098e-01 4.948002120508726009e-01 9.364000000000000101e-01 8.419999999999999707e-01
1.647914906347529296e-01 4.937497942453826782e-01 9.379999999999999449e-01 8.289999999999999591e-01
1.462339827971226303e-01 4.897216294491502087e-01 9.504000000000000226e-01 8.409999999999999698e-01
1.532135309397579526e-01 5.104967465266490034e-01 9.434000000000000163e-01 8.409999999999999698e-01
1.594816528469292505e-01 4.726329678180980487e-01 9.497999999999999776e-01 8.319999999999999618e-01
1.520670443055203713e-01 5.081261685023810148e-01 9.452000000000000401e-01 8.429999999999999716e-01
1.556682230480489204e-01 5.098196762106230739e-01 9.475999999999999979e-01 8.359999999999999654e-01
1.447819212380571097e-01 4.659005519248158866e-01 9.499999999999999556e-01 8.329999999999999627e-01
1.615176832130462981e-01 5.040179185850747201e-01 9.444000000000000172e-01 8.369999999999999662e-01
1.548804675254625562e-01 4.825705582471752630e-01 9.504000000000000226e-01 8.389999999999999680e-01
1.835931529811533347e-01 5.618093875143838067e-01 9.320000000000000506e-01 8.299999999999999600e-01
2.027960280173434215e-01 5.067151966283630626e-01 9.232000000000000206e-01 8.339999999999999636e-01
1.515467319192313478e-01 4.822613919846720498e-01 9.479999999999999538e-01 8.319999999999999618e-01
1.823396094876192919e-01 5.207967078369808434e-01 9.340000000000000524e-01 8.239999999999999547e-01
1.538789554423197758e-01 4.781187964822375958e-01 9.487999999999999767e-01 8.389999999999999680e-01
1.580895638793771985e-01 5.043205326439716973e-01 9.437999999999999723e-01 8.299999999999999600e-01
1.395486052944761579e-01 4.615450690697853187e-01 9.526000000000000023e-01 8.419999999999999707e-01
2.130209236334875134e-01 5.552347473421690438e-01 9.165999999999999703e-01 8.189999999999999503e-01
1.432311586232269396e-01 4.715006675421611892e-01 9.506000000000000005e-01 8.369999999999999662e-01
1.585148686217616731e-01 4.798514677640067783e-01 9.467999999999999750e-01 8.389999999999999680e-01
1.545999599082649723e-01 4.985460385037527864e-01 9.437999999999999723e-01 8.469999999999999751e-01
1.529489166150906632e-01 5.165120692797479096e-01 9.449999999999999512e-01 8.339999999999999636e-01
1.332748963542613185e-01 4.711272703087874270e-01 9.557999999999999829e-01 8.399999999999999689e-01
1.242882141361677933e-01 4.637881605196994550e-01 9.587999999999999856e-01 8.489999999999999769e-01
1.976966519681507828e-01 5.391923576312428468e-01 9.230000000000000426e-01 8.249999999999999556e-01
1.736324232211458318e-01 4.896800126574539780e-01 9.362000000000000322e-01 8.349999999999999645e-01
1.560379192972486950e-01 4.622026620041523315e-01 9.492000000000000437e-01 8.449999999999999734e-01
1.496754192738639355e-01 4.894587593343791010e-01 9.487999999999999767e-01 8.329999999999999627e-01
2.021788018975375356e-01 5.057226546537012535e-01 9.287999999999999590e-01 8.179999999999999494e-01
1.543679207396700392e-01 4.995804720398032139e-01 9.447999999999999732e-01 8.309999999999999609e-01
1.821608999375693982e-01 5.342917119473392651e-01 9.324000000000000066e-01 8.269999999999999574e-01
1.719623088259942811e-01 5.167610650100522562e-01 9.365999999999999881e-01 8.229999999999999538e-01
1.394765314797886402e-01 4.532473938915916878e-01 9.579999999999999627e-01 8.399999999999999689e-01
1.452616563857142828e-01 4.981328794126542725e-01 9.475999999999999979e-01 8.309999999999999609e-01
1.683455726128731400e-01 4.845857076757342785e-01 9.404000000000000137e-01 8.339999999999999636e-01
1.422083249878996203e-01 4.840807669010988579e-01 9.509999999999999565e-01 8.429999999999999716e-01
1.605363612318727595e-01 4.871908119417432959e-01 9.432000000000000384e-01 8.299999999999999600e-01
1.486740833885579760e-01 4.860793675433934813e-01 9.537999999999999812e-01 8.459999999999999742e-01
1.292049390697473099e-01 4.963727990570099835e-01 9.582000000000000517e-01 8.419999999999999707e-01
1.524414898108890637e-01 5.267987441172716778e-01 9.465999999999999970e-01 8.389999999999999680e-01
1.814616525283471171e-01 5.038155297208989358e-01 9.314000000000000057e-01 8.419999999999999707e-01
1.452988767006982707e-01 4.866256323894217473e-01 9.514000000000000234e-01 8.389999999999999680e-01
1.402682715012479875e-01 4.848356590000821864e-01 9.517999999999999794e-01 8.339999999999999636e-01
1.618069597362231105e-01 5.262097237947124251e-01 9.419999999999999485e-01 8.319999999999999618e-01
1.854064297159987440e-01 5.104451493615799196e-01 9.324000000000000066e-01 8.299999999999999600e-01
1.364470035423666905e-01 4.818525814409244656e-01 9.534000000000000252e-01 8.489999999999999769e-01
1.391573314207785184e-01 4.815195763982829669e-01 9.546000000000000041e-01 8.409999999999999698e-01
1.452114994850639551e-01 4.866353752148896428e-01 9.516000000000000014e-01 8.519999999999999796e-01
1.592667706684452733e-01 5.008891952916800783e-01 9.419999999999999485e-01 8.389999999999999680e-01
1.547294135062003140e-01 4.916100915438639252e-01 9.487999999999999767e-01 8.399999999999999689e-01
1.417299578243536029e-01 4.534096699191996760e-01 9.539999999999999591e-01 8.479999999999999760e-01
1.468155049532647027e-01 4.944914175634170239e-01 9.474000000000000199e-01 8.359999999999999654e-01
1.385624110669185227e-01 4.837155353074307218e-01 9.499999999999999556e-01 8.429999999999999716e-01
1.352455058067034421e-01 4.967708868996268956e-01 9.549999999999999600e-01 8.449999999999999734e-01
1.645511133640725765e-01 5.025586788209428502e-01 9.379999999999999449e-01 8.349999999999999645e-01
1.647740092993257299e-01 4.802137345824087356e-01 9.427999999999999714e-01 8.249999999999999556e-01
1.341528433600563397e-01 5.117079224781811986e-01 9.549999999999999600e-01 8.329999999999999627e-01
1.281043123782943383e-01 4.929381091453526320e-01 9.572000000000000508e-01 8.409999999999999698e-01
1.490441061114062826e-01 4.928462574964180276e-01 9.492000000000000437e-01 8.499999999999999778e-01
1.534334450962631657e-01 4.909542983519922799e-01 9.495999999999999996e-01 8.309999999999999609e-01
1.513933118985904547e-01 5.238532557183407379e-01 9.479999999999999538e-01 8.299999999999999600e-01
1.541148612940063112e-01 5.246472705415794469e-01 9.442000000000000393e-01 8.279999999999999583e-01
1.398976904654376519e-01 5.073611583113476486e-01 9.504000000000000226e-01 8.329999999999999627e-01
1.530339623829035101e-01 4.951509826578124884e-01 9.442000000000000393e-01 8.399999999999999689e-01
1.258363693501633185e-01 4.619001627782023389e-01 9.612000000000000544e-01 8.479999999999999760e-01
1.469491371840244698e-01 5.101989520529207622e-01 9.442000000000000393e-01 8.309999999999999609e-01
1.461697181840686810e-01 4.936590673328525303e-01 9.509999999999999565e-01 8.369999999999999662e-01
1.316656127691550882e-01 4.807720400731417265e-01 9.544000000000000261e-01 8.389999999999999680e-01
1.652562761616519216e-01 5.031391979725506891e-01 9.377999999999999670e-01 8.399999999999999689e-01
1.585557497896867840e-01 5.381053358817515786e-01 9.404000000000000137e-01 8.459999999999999742e-01
1.476520226071317554e-01 4.705123490629470329e-01 9.539999999999999591e-01 8.449999999999999734e-01
1.710287766350336025e-01 5.237256611186670296e-01 9.335999999999999854e-01 8.389999999999999680e-01
1.386382396129889338e-01 5.095301193493492198e-01 9.497999999999999776e-01 8.399999999999999689e-01
1.422212178563811158e-01 4.851175817815489011e-01 9.487999999999999767e-01 8.369999999999999662e-01
1.285036804144535638e-01 4.849781755847620834e-01 9.569999999999999618e-01 8.349999999999999645e-01
1.586205485542551696e-01 5.689557601021744127e-01 9.419999999999999485e-01 8.339999999999999636e-01
1.902899934144372807e-01 5.309940146183157461e-01 9.260000000000000453e-01 8.110000000000000542e-01
1.499204925015104051e-01 5.177435337722663400e-01 9.472000000000000419e-01 8.359999999999999654e-01
1.892329951396565235e-01 5.517072731104389893e-01 9.294000000000000039e-01 8.299999999999999600e-01
2.185293017676166183e-01 5.675641685544582371e-01 9.122000000000000108e-01 8.139999999999999458e-01
1.562088546562557523e-01 4.910540142961392629e-01 9.449999999999999512e-01 8.409999999999999698e-01
1.265442835151553980e-01 4.663409688805231768e-01 9.567999999999999838e-01 8.419999999999999707e-01
1.782211059686273358e-01 5.521644862907498785e-01 9.362000000000000322e-01 8.149999999999999467e-01
1.682936899316753165e-01 4.941532215286382757e-01 9.362000000000000322e-01 8.339999999999999636e-01
1.576269497285219812e-01 5.431722692745161174e-01 9.454000000000000181e-01 8.309999999999999609e-01
1.643904853795521148e-01 5.183949537515750716e-01 9.397999999999999687e-01 8.359999999999999654e-01
1.952563643653334458e-01 5.319646803147414227e-01 9.297999999999999599e-01 8.309999999999999609e-01
1.686858661113625202e-01 4.943854113890638335e-01 9.402000000000000357e-01 8.369999999999999662e-01
1.602737673376966598e-01 4.851736629435815518e-01 9.407999999999999696e-01 8.379999999999999671e-01
1.359765658143196887e-01 4.937236550545352487e-01 9.517999999999999794e-01 8.409999999999999698e-01
1.321962311759387054e-01 4.683394870506465968e-01 9.572000000000000508e-01 8.409999999999999698e-01
1.408014957525687005e-01 4.858044967125843550e-01 9.527999999999999803e-01 8.369999999999999662e-01
1.656778820487901926e-01 4.809030233584120628e-01 9.419999999999999485e-01 8.379999999999999671e-01
1.504001109599779618e-01 4.874443490087594366e-01 9.512000000000000455e-01 8.329999999999999627e-01
1.348032084798151675e-01 4.900882977719808187e-01 9.542000000000000481e-01 8.449999999999999734e-01
1.278040479092194259e-01 5.024049815368308858e-01 9.576000000000000068e-01 8.449999999999999734e-01
1.375409061822280010e-01 4.934808935125381546e-01 9.527999999999999803e-01 8.289999999999999591e-01
1.735620512624238554e-01 5.916220225837615088e-01 9.367999999999999661e-01 8.339999999999999636e-01
1.689722474999059698e-01 5.308634055082950276e-01 9.462000000000000410e-01 8.239999999999999547e-01
1.611695808065076174e-01 4.972796733684151649e-01 9.445999999999999952e-01 8.499999999999999778e-01
1.265756221618029309e-01 4.738607195416078000e-01 9.596000000000000085e-01 8.389999999999999680e-01
1.289755633515639044e-01 4.592286581775453236e-01 9.592000000000000526e-01 8.399999999999999689e-01
1.284194012682824404e-01 5.208430165106620047e-01 9.542000000000000481e-01 8.389999999999999680e-01
1.444352835475161689e-01 4.912983721558565886e-01 9.467999999999999750e-01 8.429999999999999716e-01
1.281459428822045721e-01 4.796665075743397066e-01 9.546000000000000041e-01 8.399999999999999689e-01
1.508788764804875060e-01 4.820756660486092970e-01 9.467999999999999750e-01 8.499999999999999778e-01
1.186275920302604231e-01 4.766845257991708662e-01 9.636000000000000121e-01 8.359999999999999654e-01
1.567725704245011564e-01 5.281243663081425233e-01 9.432000000000000384e-01 8.359999999999999654e-01
1.362653198050610692e-01 4.866703556244684759e-01 9.532000000000000473e-01 8.449999999999999734e-01
1.568120840971979346e-01 4.954546489752023053e-01 9.417999999999999705e-01 8.399999999999999689e-01
1.358975311579825040e-01 4.646655195629939561e-01 9.577999999999999847e-01 8.439999999999999725e-01
1.619448937270927258e-01 4.951512310710193265e-01 9.392000000000000348e-01 8.279999999999999583e-01
1.434537432519387978e-01 5.140306153669560452e-01 9.485999999999999988e-01 8.379999999999999671e-01
1.362381391041477541e-01 4.672352903077784392e-01 9.534000000000000252e-01 8.459999999999999742e-01
1.313853055451404128e-01 4.555764648462728994e-01 9.596000000000000085e-01 8.419999999999999707e-01
1.290476378932051693e-01 4.934945900945141295e-01 9.557999999999999829e-01 8.499999999999999778e-01
1.572857189049561288e-01 5.182425388945632871e-01 9.414000000000000146e-01 8.399999999999999689e-01
1.398417705966403246e-01 5.035277729757638987e-01 9.527999999999999803e-01 8.439999999999999725e-01
1.444469427025836805e-01 5.397383539627477189e-01 9.449999999999999512e-01 8.369999999999999662e-01
1.261642876914806366e-01 4.695197272924505616e-01 9.574000000000000288e-01 8.449999999999999734e-01
1.366473961471031395e-01 4.911010294688892275e-01 9.546000000000000041e-01 8.399999999999999689e-01
1.668365452142199501e-01 5.062654870202650814e-01 9.365999999999999881e-01 8.279999999999999583e-01
1.204382658271550138e-01 4.834492170882294104e-01 9.631999999999999451e-01 8.389999999999999680e-01
1.333430142970686016e-01 4.747230669586610663e-01 9.552000000000000490e-01 8.429999999999999716e-01
1.768409024909955995e-01 5.804879916023074626e-01 9.377999999999999670e-01 8.209999999999999520e-01
1.722977231826876565e-01 5.447572494262367115e-01 9.345999999999999863e-01 8.289999999999999591e-01
1.353704842750052539e-01 5.053115127109139015e-01 9.562000000000000499e-01 8.419999999999999707e-01
1.295587227016524456e-01 4.730348727979144519e-01 9.592000000000000526e-01 8.409999999999999698e-01
1.591019428983608541e-01 5.603806465927709812e-01 9.392000000000000348e-01 8.249999999999999556e-01
1.562654178074962263e-01 5.085582718641549205e-01 9.429999999999999494e-01 8.299999999999999600e-01
1.432971651058975449e-01 4.977784239137904021e-01 9.485999999999999988e-01 8.299999999999999600e-01
1.408817987899075863e-01 4.767523580097887681e-01 9.516000000000000014e-01 8.319999999999999618e-01
1.170784916753723759e-01 4.587084746074866493e-01 9.616000000000000103e-01 8.519999999999999796e-01
1.437791933767369190e-01 5.128927640071881955e-01 9.504000000000000226e-01 8.349999999999999645e-01
1.288188688907538348e-01 4.938034469535216298e-01 9.576000000000000068e-01 8.369999999999999662e-01
1.468054295613220872e-01 5.080543403909423272e-01 9.465999999999999970e-01 8.319999999999999618e-01
1.406971989503977560e-01 5.029378387334818568e-01 9.469999999999999529e-01 8.399999999999999689e-01
1.454820700999524263e-01 4.895426889751015587e-01 9.464000000000000190e-01 8.339999999999999636e-01
1.416242110210661487e-01 5.006107251175753170e-01 9.516000000000000014e-01 8.439999999999999725e-01
1.615573417601350592e-01 5.651676415818476240e-01 9.372000000000000330e-01 8.309999999999999609e-01
1.401524136362309603e-01 5.377546641182323617e-01 9.474000000000000199e-01 8.349999999999999645e-01
1.206293731521620449e-01 4.790700128940507119e-01 9.622000000000000552e-01 8.469999999999999751e-01
1.314729800148182193e-01 4.824452442283860831e-01 9.562000000000000499e-01 8.409999999999999698e-01
1.292962000202662887e-01 5.005130080473280119e-01 9.539999999999999591e-01 8.409999999999999698e-01
1.468519688287985014e-01 5.027625141613110138e-01 9.489999999999999547e-01 8.369999999999999662e-01
1.305931787706411384e-01 4.989568367661186277e-01 9.584000000000000297e-01 8.329999999999999627e-01
1.145081321074274683e-01 4.649260474325452863e-01 9.614000000000000323e-01 8.439999999999999725e-01
1.350104387747347867e-01 4.692957723678173876e-01 9.547999999999999821e-01 8.479999999999999760e-01
1.219275079640329967e-01 4.773463315199511503e-01 9.624000000000000332e-01 8.419999999999999707e-01
1.173344280505414644e-01 4.542432318107545441e-01 9.636000000000000121e-01 8.489999999999999769e-01
1.397928988663328376e-01 5.035478085610934906e-01 9.504000000000000226e-01 8.269999999999999574e-01
1.299201100658455288e-01 4.937983857043554692e-01 9.589999999999999636e-01 8.469999999999999751e-01
1.182645469371261665e-01 4.762858442286750926e-01 9.592000000000000526e-01 8.439999999999999725e-01
1.324508385863407134e-01 4.970317099071626110e-01 9.547999999999999821e-01 8.299999999999999600e-01
1.522144324265434778e-01 4.990490079946542923e-01 9.455999999999999961e-01 8.389999999999999680e-01
1.261118485509023779e-01 4.506586956936063371e-01 9.606000000000000094e-01 8.449999999999999734e-01
1.761550606611471670e-01 5.433026032826965279e-01 9.347999999999999643e-01 8.339999999999999636e-01
1.257823730480197022e-01 4.765508736868815376e-01 9.607999999999999874e-01 8.369999999999999662e-01
1.320292598108936954e-01 5.249770038035762587e-01 9.539999999999999591e-01 8.479999999999999760e-01
1.305825867108718341e-01 4.889281676669957610e-01 9.569999999999999618e-01 8.389999999999999680e-01
1.365222596223871210e-01 4.743503834289369281e-01 9.519999999999999574e-01 8.399999999999999689e-01
1.331585491194403059e-01 4.637729319886703672e-01 9.567999999999999838e-01 8.399999999999999689e-01
1.203931622432615478e-01 4.556273436564536317e-01 9.646000000000000130e-01 8.539999999999999813e-01
1.372765641775883227e-01 4.989037058193938612e-01 9.536000000000000032e-01 8.369999999999999662e-01
1.366894192911125294e-01 5.193996297134584328e-01 9.514000000000000234e-01 8.319999999999999618e-01
1.380783146045998222e-01 4.600129302626849159e-01 9.534000000000000252e-01 8.459999999999999742e-01
1.351372501880564458e-01 4.780067478709664752e-01 9.566000000000000059e-01 8.389999999999999680e-01
1.375274237872369243e-01 4.845357971551608189e-01 9.547999999999999821e-01 8.449999999999999734e-01
1.560460317896309457e-01 5.314394447503761887e-01 9.402000000000000357e-01 8.329999999999999627e-01
1.585963755993869684e-01 5.159738197493800582e-01 9.449999999999999512e-01 8.249999999999999556e-01
1.171534766508410264e-01 4.812494007740231172e-01 9.604000000000000314e-01 8.459999999999999742e-01
1.403358406886797971e-01 5.040284826879843916e-01 9.495999999999999996e-01 8.399999999999999689e-01
1.304246005453430501e-01 4.738991172485497172e-01 9.606000000000000094e-01 8.429999999999999716e-01
1.290471886489089337e-01 4.989141691553414804e-01 9.554000000000000270e-01 8.399999999999999689e-01
1.308632268030859580e-01 4.708053095887555495e-01 9.564000000000000279e-01 8.429999999999999716e-01
1.214547124184155308e-01 4.794014479814262542e-01 9.616000000000000103e-01 8.479999999999999760e-01
1.231613616495110114e-01 4.529631220690481519e-01 9.617999999999999883e-01 8.439999999999999725e-01
1.349358844406000624e-01 4.980781137934183200e-01 9.522000000000000464e-01 8.409999999999999698e-01
1.147589641639952390e-01 4.744627965358558797e-01 9.646000000000000130e-01 8.479999999999999760e-01
1.520289615253213600e-01 5.128982770363090804e-01 9.439999999999999503e-01 8.429999999999999716e-01
1.291365607837478280e-01 5.108595581940476027e-01 9.582000000000000517e-01 8.379999999999999671e-01
1.434287834800885841e-01 5.034732333012070793e-01 9.499999999999999556e-01 8.339999999999999636e-01
1.414619703043612509e-01 4.832804694115079847e-01 9.502000000000000446e-01 8.489999999999999769e-01
