2.286285624096200841e+00 2.283273139835390264e+00 1.454000000000000015e-01 1.409999999999999865e-01
1.437548618551138357e+00 1.443399690419436388e+00 4.146000000000000241e-01 3.950000000000000178e-01
1.036249299266311485e+00 1.057261577373711070e+00 6.438000000000000389e-01 6.159999999999999920e-01
7.492354459479755313e-01 7.713586282456373899e-01 7.231999999999999540e-01 7.199999999999999734e-01
6.307920899594501307e-01 6.746571026321218634e-01 7.681999999999999940e-01 7.530000000000000027e-01
6.105461666496165840e-01 6.641601745281272562e-01 7.715999999999999526e-01 7.580000000000000071e-01
5.594369425100059745e-01 6.280484005625006638e-01 7.907999999999999474e-01 7.710000000000000187e-01
5.825709386568983517e-01 6.472885625871624971e-01 7.852000000000000091e-01 7.690000000000000169e-01
5.861291546760956095e-01 6.471300452376893553e-01 7.882000000000000117e-01 7.560000000000000053e-01
4.990780027649200923e-01 5.878299506091271276e-01 8.094000000000000083e-01 7.610000000000000098e-01
5.187858537038751994e-01 6.209986743911551921e-01 8.127999999999999670e-01 7.690000000000000169e-01
4.569403565284417823e-01 5.480257604126957949e-01 8.396000000000000130e-01 7.980000000000000426e-01
4.649226530609404939e-01 5.590842180278020601e-01 8.317999999999999838e-01 7.920000000000000373e-01
4.476400897708787130e-01 5.577472345403332588e-01 8.327999999999999847e-01 7.860000000000000320e-01
4.277552639715377913e-01 5.342976346162389145e-01 8.436000000000000165e-01 8.030000000000000471e-01
4.316149579334663811e-01 5.486979719969262703e-01 8.339999999999999636e-01 7.860000000000000320e-01
4.629888096672608033e-01 5.809280086946384536e-01 8.254000000000000226e-01 7.790000000000000258e-01
4.775945455880258872e-01 5.883713589546989420e-01 8.149999999999999467e-01 7.640000000000000124e-01
4.256676785862378853e-01 5.506959011693083328e-01 8.359999999999999654e-01 7.920000000000000373e-01
4.023135219230165593e-01 5.167926809419913781e-01 8.529999999999999805e-01 8.080000000000000515e-01
3.842930425264978744e-01 5.052668338099494116e-01 8.638000000000000123e-01 8.060000000000000497e-01
4.182203328743302473e-01 5.530793847031241217e-01 8.406000000000000139e-01 7.990000000000000435e-01
4.023033814828304022e-01 5.350301715057362850e-01 8.497999999999999998e-01 8.050000000000000488e-01
3.665178665890215792e-01 5.040822354464984389e-01 8.689999999999999947e-01 8.139999999999999458e-01
3.551432524499704146e-01 4.923377910539157298e-01 8.703999999999999515e-01 8.189999999999999503e-01
4.293302891000977950e-01 5.717728376012033431e-01 8.302000000000000490e-01 7.830000000000000293e-01
3.493823697792241001e-01 5.019110256336218878e-01 8.696000000000000396e-01 8.199999999999999512e-01
3.453337929786851612e-01 4.898305015154296171e-01 8.760000000000000009e-01 8.169999999999999485e-01
3.593656731199159626e-01 4.899754310024752590e-01 8.678000000000000158e-01 8.229999999999999538e-01
3.546285966447207949e-01 4.854952292699860061e-01 8.681999999999999718e-01 8.199999999999999512e-01
3.746218326637343332e-01 5.047679647496874367e-01 8.611999999999999655e-01 8.129999999999999449e-01
3.323992753701284775e-01 4.841725546060508534e-01 8.751999999999999780e-01 8.209999999999999520e-01
3.218108787485438049e-01 4.776626508209705357e-01 8.880000000000000115e-01 8.259999999999999565e-01
3.119728085232272297e-01 4.847503330237109553e-01 8.846000000000000529e-01 8.209999999999999520e-01
3.203784529920828406e-01 4.857481142439074029e-01 8.866000000000000547e-01 8.179999999999999494e-01
3.956116668640566880e-01 5.717365530394683537e-01 8.554000000000000492e-01 8.030000000000000471e-01
3.268939209846264959e-01 4.806458444979456734e-01 8.831999999999999851e-01 8.319999999999999618e-01
3.230014112252763137e-01 5.111456624839388896e-01 8.788000000000000256e-01 8.179999999999999494e-01
3.296716906504775779e-01 4.776983979288658699e-01 8.761999999999999789e-01 8.169999999999999485e-01
3.159881260591252405e-01 4.828039163543108026e-01 8.811999999999999833e-01 8.259999999999999565e-01
2.983414265954529854e-01 4.634757982995396097e-01 8.883999999999999675e-01 8.319999999999999618e-01
3.331868498585510707e-01 5.268812484570569721e-01 8.761999999999999789e-01 8.129999999999999449e-01
3.621708035610330945e-01 5.264586813096705509e-01 8.636000000000000343e-01 8.129999999999999449e-01
2.999485757292984500e-01 4.682133449279579085e-01 8.918000000000000371e-01 8.369999999999999662e-01
2.776667682586895225e-01 4.616636266158603008e-01 8.985999999999999543e-01 8.409999999999999698e-01
2.934246922294692084e-01 4.919163114889142374e-01 8.953999999999999737e-01 8.219999999999999529e-01
2.845159129547618071e-01 4.715323393632201987e-01 8.955999999999999517e-01 8.249999999999999556e-01
3.025366806316610591e-01 4.795651017400222038e-01 8.885999999999999455e-01 8.199999999999999512e-01
2.914827637013269745e-01 4.644473884352721127e-01 8.960000000000000187e-01 8.299999999999999600e-01
2.759251944964816738e-01 4.649776816601494112e-01 8.985999999999999543e-01 8.379999999999999671e-01
2.930987408866256305e-01 4.889268132284524393e-01 8.905999999999999472e-01 8.229999999999999538e-01
2.999465369184246000e-01 4.925421476051567438e-01 8.881999999999999895e-01 8.229999999999999538e-01
2.748961222769689683e-01 4.654708747492037335e-01 9.043999999999999817e-01 8.279999999999999583e-01
2.662305241562095692e-01 4.584208406262246238e-01 9.032000000000000028e-01 8.349999999999999645e-01
2.949025099913046843e-01 4.856687569843564090e-01 8.880000000000000115e-01 8.309999999999999609e-01
2.888052448022138119e-01 4.807484399478186843e-01 8.910000000000000142e-01 8.359999999999999654e-01
2.891780022232525171e-01 4.788168833814500647e-01 8.913999999999999702e-01 8.269999999999999574e-01
2.624571755242711135e-01 4.626421218785092826e-01 9.000000000000000222e-01 8.299999999999999600e-01
2.446941665834263813e-01 4.487585559773313304e-01 9.120000000000000329e-01 8.369999999999999662e-01
2.725704340441714169e-01 4.851226806054018126e-01 8.988000000000000433e-01 8.279999999999999583e-01
3.051939971117355044e-01 4.933544250081277061e-01 8.888000000000000345e-01 8.209999999999999520e-01
2.563815995687028781e-01 4.550198235747234254e-01 9.072000000000000064e-01 8.339999999999999636e-01
2.448581941924901084e-01 4.618810754835789290e-01 9.113999999999999879e-01 8.409999999999999698e-01
2.807643363609538256e-01 4.971195903514047942e-01 8.928000000000000380e-01 8.259999999999999565e-01
2.881385570834015253e-01 5.039764789745342366e-01 8.901999999999999913e-01 8.149999999999999467e-01
2.573629470744452918e-01 4.584922309097145265e-01 9.050000000000000266e-01 8.349999999999999645e-01
2.873745326525641852e-01 4.895756527780066314e-01 8.918000000000000371e-01 8.219999999999999529e-01
2.497622848210685753e-01 4.677463050762130647e-01 9.058000000000000496e-01 8.279999999999999583e-01
2.564921561076037304e-01 4.775913251196970966e-01 9.012000000000000011e-01 8.299999999999999600e-01
2.365911008646944536e-01 4.614490507422964738e-01 9.135999999999999677e-01 8.399999999999999689e-01
2.645448536382201121e-01 4.337321978909106091e-01 9.102000000000000091e-01 8.409999999999999698e-01
2.683768138645178380e-01 4.815773798973405073e-01 8.993999999999999773e-01 8.349999999999999645e-01
2.304787437797518601e-01 4.605591429146562721e-01 9.180000000000000382e-01 8.339999999999999636e-01
2.993933389991315086e-01 4.795378943035671915e-01 8.836000000000000520e-01 8.219999999999999529e-01
2.247625937911054694e-01 4.491332389545572568e-01 9.200000000000000400e-01 8.349999999999999645e-01
2.250183525530196627e-01 4.525641929258029661e-01 9.170000000000000373e-01 8.309999999999999609e-01
2.495135704495734796e-01 4.885915743911247167e-01 9.080000000000000293e-01 8.279999999999999583e-01
2.621950241065624798e-01 5.020977941949450463e-01 9.000000000000000222e-01 8.249999999999999556e-01
2.548948720719608207e-01 4.831425686024126698e-01 9.055999999999999606e-01 8.319999999999999618e-01
2.481131701393438083e-01 4.826924074786292929e-01 9.092000000000000082e-01 8.259999999999999565e-01
2.295518467536358520e-01 4.428644577559316953e-01 9.185999999999999721e-01 8.419999999999999707e-01
2.679397617390258390e-01 5.251564274165850810e-01 8.983999999999999764e-01 8.229999999999999538e-01
2.525948890757818144e-01 4.462960367823926577e-01 9.127999999999999448e-01 8.249999999999999556e-01
2.218372620547684193e-01 4.502787385661778385e-01 9.227999999999999536e-01 8.359999999999999654e-01
2.445520454605107363e-01 4.657253571653549029e-01 9.120000000000000329e-01 8.309999999999999609e-01
2.390966947206182303e-01 4.635942673942063386e-01 9.118000000000000549e-01 8.349999999999999645e-01
2.315557714414485380e-01 4.796921144397283121e-01 9.172000000000000153e-01 8.349999999999999645e-01
2.032688415835453288e-01 4.350675595401549689e-01 9.350000000000000533e-01 8.439999999999999725e-01
2.327729821052340053e-01 4.533973900259776202e-01 9.160000000000000364e-01 8.469999999999999751e-01
2.371644446820334318e-01 4.804866371043547968e-01 9.098000000000000531e-01 8.339999999999999636e-01
2.227409472312290306e-01 4.741202807134609620e-01 9.192000000000000171e-01 8.299999999999999600e-01
2.325673161455285021e-01 4.891286546379547961e-01 9.125999999999999668e-01 8.319999999999999618e-01
2.140175416581638346e-01 4.551163717164001810e-01 9.243999999999999995e-01 8.409999999999999698e-01
2.091458614179344255e-01 4.384961007912271391e-01 9.247999999999999554e-01 8.459999999999999742e-01
2.320495681578851055e-01 4.716743967421621608e-01 9.147999999999999465e-01 8.299999999999999600e-01
2.491567084638058038e-01 5.252441422049805020e-01 8.998000000000000442e-01 8.219999999999999529e-01
2.046382187694711363e-01 4.577559022402812317e-01 9.240000000000000435e-01 8.449999999999999734e-01
2.379843438984440007e-01 4.760395964482729836e-01 9.100000000000000311e-01 8.279999999999999583e-01
2.040747383785197488e-01 4.786988825826997140e-01 9.257999999999999563e-01 8.419999999999999707e-01
2.286404342889923613e-01 4.622936550259754696e-01 9.165999999999999703e-01 8.369999999999999662e-01
2.057071435212177724e-01 4.299126553358868508e-01 9.267999999999999572e-01 8.469999999999999751e-01
2.056349587379835697e-01 4.473761579446530745e-01 9.284000000000000030e-01 8.379999999999999671e-01
2.146281595652360097e-01 4.468518558171007404e-01 9.260000000000000453e-01 8.309999999999999609e-01
2.192470494282244553e-01 4.804544118685931675e-01 9.243999999999999995e-01 8.349999999999999645e-01
2.155031632270416053e-01 4.817320894639693929e-01 9.243999999999999995e-01 8.189999999999999503e-01
2.412161926962508585e-01 4.824189360725038567e-01 9.135999999999999677e-01 8.409999999999999698e-01
2.462661680009049503e-01 5.235327422882135595e-01 9.042000000000000037e-01 8.249999999999999556e-01
2.059613799493552055e-01 4.746449153978468116e-01 9.247999999999999554e-01 8.439999999999999725e-01
1.969650233193374345e-01 4.617740672285331471e-01 9.304000000000000048e-01 8.339999999999999636e-01
2.076852110149057795e-01 4.600950801045796124e-01 9.254000000000000004e-01 8.389999999999999680e-01
2.342348631058483177e-01 4.861415927974798712e-01 9.143999999999999906e-01 8.279999999999999583e-01
2.038150367520388806e-01 4.523725948818725362e-01 9.315999999999999837e-01 8.389999999999999680e-01
2.304057503161018872e-01 5.030301218996118262e-01 9.137999999999999456e-01 8.289999999999999591e-01
1.938277710386671904e-01 4.544487180978531993e-01 9.344000000000000083e-01 8.409999999999999698e-01
1.924326428749353335e-01 4.624239752986979979e-01 9.322000000000000286e-01 8.389999999999999680e-01
2.123246621079065422e-01 5.260491340384773062e-01 9.177999999999999492e-01 8.329999999999999627e-01
1.847408731560198636e-01 4.343823850337034664e-01 9.379999999999999449e-01 8.519999999999999796e-01
1.892106341028421401e-01 4.333578446656056182e-01 9.384000000000000119e-01 8.419999999999999707e-01
1.975415054064861287e-01 4.473033739065055414e-01 9.354000000000000092e-01 8.419999999999999707e-01
2.214924746150553347e-01 4.781570885143596183e-01 9.212000000000000188e-01 8.389999999999999680e-01
2.117149822889577149e-01 4.997703012726867899e-01 9.207999999999999519e-01 8.409999999999999698e-01
1.977759035147537703e-01 4.798200173686217318e-01 9.257999999999999563e-01 8.329999999999999627e-01
2.002768802165049156e-01 4.753642813833157676e-01 9.250000000000000444e-01 8.439999999999999725e-01
1.934405827029014591e-01 4.633139697103558774e-01 9.304000000000000048e-01 8.409999999999999698e-01
2.121340016215205182e-01 4.740449729645579424e-01 9.242000000000000215e-01 8.369999999999999662e-01
1.893610103990527593e-01 4.495190214858001965e-01 9.360000000000000542e-01 8.399999999999999689e-01
1.953438560395530377e-01 4.664184090350116940e-01 9.295999999999999819e-01 8.389999999999999680e-01
2.017342929937677720e-01 4.742956124842486187e-01 9.250000000000000444e-01 8.439999999999999725e-01
1.884202812316726761e-01 4.611444420294197877e-01 9.337999999999999634e-01 8.429999999999999716e-01
2.274768681676902771e-01 4.897119687177707847e-01 9.088000000000000522e-01 8.209999999999999520e-01
1.792438098751004405e-01 4.479292148393230755e-01 9.355999999999999872e-01 8.439999999999999725e-01
2.282582534855784606e-01 5.066203407036603545e-01 9.192000000000000171e-01 8.379999999999999671e-01
2.080590072906092214e-01 4.627421925023748606e-01 9.310000000000000497e-01 8.329999999999999627e-01
1.786774840958826882e-01 4.405620085013164378e-01 9.352000000000000313e-01 8.479999999999999760e-01
1.848359369640357186e-01 4.549924600555817489e-01 9.352000000000000313e-01 8.449999999999999734e-01
2.317764470112296249e-01 5.307375850452613619e-01 9.127999999999999448e-01 8.239999999999999547e-01
1.797181609925495305e-01 4.259407292366915732e-01 9.395999999999999908e-01 8.499999999999999778e-01
1.843673212661142424e-01 4.908690037489567004e-01 9.334000000000000075e-01 8.349999999999999645e-01
2.376662975391996835e-01 5.011616009830406337e-01 9.080000000000000293e-01 8.319999999999999618e-01
1.949416390136323451e-01 4.630748820462426418e-01 9.302000000000000268e-01 8.509999999999999787e-01
1.884258060447261407e-01 4.888489046739787347e-01 9.292000000000000259e-01 8.409999999999999698e-01
2.087559656471203173e-01 4.804077179516550444e-01 9.237999999999999545e-01 8.399999999999999689e-01
1.747688472623858680e-01 4.357649369365360070e-01 9.387999999999999678e-01 8.409999999999999698e-01
2.209042083555697034e-01 5.073617894250340710e-01 9.155999999999999694e-01 8.299999999999999600e-01
1.944311953867652043e-01 4.760819805008457140e-01 9.252000000000000224e-01 8.309999999999999609e-01
1.798343248738225042e-01 4.425744249744784642e-01 9.405999999999999917e-01 8.489999999999999769e-01
1.682778645465133061e-01 4.388373688059275524e-01 9.445999999999999952e-01 8.419999999999999707e-01
1.936498523731834120e-01 4.680634688474681337e-01 9.314000000000000057e-01 8.389999999999999680e-01
1.968485516978819572e-01 4.795765141958806543e-01 9.243999999999999995e-01 8.339999999999999636e-01
2.272413948514445947e-01 4.996599626198216515e-01 9.155999999999999694e-01 8.279999999999999583e-01
1.925737529557834393e-01 4.822930876128577737e-01 9.295999999999999819e-01 8.319999999999999618e-01
1.942432872389658616e-01 5.077256194735135786e-01 9.292000000000000259e-01 8.359999999999999654e-01
1.652370863084980657e-01 4.506475533250274834e-01 9.422000000000000375e-01 8.399999999999999689e-01
1.793623619838990713e-01 4.466062050470754330e-01 9.442000000000000393e-01 8.519999999999999796e-01
1.848567144368408188e-01 4.695000710365614949e-01 9.307999999999999607e-01 8.369999999999999662e-01
1.755152411283168179e-01 4.752123496188931373e-01 9.407999999999999696e-01 8.429999999999999716e-01
2.162949210425414992e-01 5.372493797719588571e-01 9.160000000000000364e-01 8.319999999999999618e-01
1.651815692486219289e-01 4.681458875731802638e-01 9.417999999999999705e-01 8.449999999999999734e-01
2.368074579200627472e-01 5.430044547834989022e-01 9.115999999999999659e-01 8.149999999999999467e-01
1.965932747207973785e-01 4.649952947295776240e-01 9.320000000000000506e-01 8.369999999999999662e-01
1.908475010986338261e-01 4.862147326128731240e-01 9.252000000000000224e-01 8.309999999999999609e-01
1.648683892367719395e-01 4.592169707679347179e-01 9.384000000000000119e-01 8.509999999999999787e-01
1.691729978574414706e-01 4.576188970179440596e-01 9.399999999999999467e-01 8.529999999999999805e-01
1.861628530079554311e-01 4.801909046230772304e-01 9.334000000000000075e-01 8.389999999999999680e-01
1.851174049920061293e-01 5.010403184566871726e-01 9.287999999999999590e-01 8.409999999999999698e-01
1.887581144063588401e-01 4.482746623167775391e-01 9.352000000000000313e-01 8.299999999999999600e-01
1.679239283058173993e-01 4.436199443307351498e-01 9.444000000000000172e-01 8.479999999999999760e-01
1.788942580873137123e-01 4.749614216619269524e-01 9.399999999999999467e-01 8.399999999999999689e-01
1.691048973343545758e-01 4.960689966329421274e-01 9.360000000000000542e-01 8.439999999999999725e-01
1.823768281503328204e-01 4.723746430913082772e-01 9.360000000000000542e-01 8.369999999999999662e-01
1.795389791454471418e-01 4.709316676012370029e-01 9.402000000000000357e-01 8.319999999999999618e-01
1.652202970822009842e-01 4.657138126145841106e-01 9.459999999999999520e-01 8.429999999999999716e-01
1.605929147910048760e-01 4.496174865116385755e-01 9.449999999999999512e-01 8.429999999999999716e-01
1.926120842615362538e-01 5.031362286016121121e-01 9.270000000000000462e-01 8.299999999999999600e-01
2.046108642690070700e-01 5.407203668905156135e-01 9.222000000000000197e-01 8.359999999999999654e-01
1.866783461360059515e-01 4.789837594624399841e-01 9.300000000000000488e-01 8.439999999999999725e-01
1.652005262558353949e-01 4.682653364583294064e-01 9.445999999999999952e-01 8.429999999999999716e-01
1.657910149430640023e-01 4.570282127241536152e-01 9.449999999999999512e-01 8.409999999999999698e-01
1.594598367473136491e-01 4.552039986624542012e-01 9.452000000000000401e-01 8.529999999999999805e-01
1.858655993215378999e-01 4.775351180222028313e-01 9.347999999999999643e-01 8.369999999999999662e-01
1.677795666052231405e-01 4.455411471181608962e-01 9.447999999999999732e-01 8.439999999999999725e-01
1.593296163828178680e-01 4.740696314995241356e-01 9.415999999999999925e-01 8.469999999999999751e-01
1.639910830788247620e-01 4.624149539090472438e-01 9.434000000000000163e-01 8.259999999999999565e-01
1.868542990283751926e-01 5.012798472276395190e-01 9.292000000000000259e-01 8.269999999999999574e-01
1.599896286658089584e-01 4.430824930576112153e-01 9.489999999999999547e-01 8.419999999999999707e-01
1.584501237672851504e-01 4.731590594077348388e-01 9.425999999999999934e-01 8.399999999999999689e-01
1.717812827527102904e-01 4.805319468111950987e-01 9.392000000000000348e-01 8.369999999999999662e-01
1.626664350110951229e-01 4.712118055513067061e-01 9.439999999999999503e-01 8.469999999999999751e-01
2.211045919823988182e-01 5.348247588801695596e-01 9.152000000000000135e-01 8.209999999999999520e-01
1.827387183274720439e-01 4.588584394666124222e-01 9.302000000000000268e-01 8.429999999999999716e-01
1.877918076621483412e-01 4.738299755609934882e-01 9.312000000000000277e-01 8.389999999999999680e-01
1.775094518747686867e-01 4.767348559596076285e-01 9.347999999999999643e-01 8.399999999999999689e-01
1.688412527604445934e-01 4.616817756814338147e-01 9.382000000000000339e-01 8.439999999999999725e-01
1.829294229662900839e-01 4.993997389972925083e-01 9.372000000000000330e-01 8.449999999999999734e-01
1.906540163030527868e-01 4.949290692293656369e-01 9.257999999999999563e-01 8.329999999999999627e-01
1.868562470651112528e-01 4.968660499486310944e-01 9.334000000000000075e-01 8.369999999999999662e-01
1.510055048664844524e-01 4.574849639001830059e-01 9.499999999999999556e-01 8.389999999999999680e-01
1.473912548027056235e-01 4.538271181075566596e-01 9.497999999999999776e-01 8.509999999999999787e-01
1.596302360912163487e-01 4.689390624952275433e-01 9.434000000000000163e-01 8.359999999999999654e-01
1.436307215714266450e-01 4.468996981069280894e-01 9.517999999999999794e-01 8.439999999999999725e-01
1.651787066743213017e-01 4.521758506825399038e-01 9.412000000000000366e-01 8.499999999999999778e-01
1.520264440365707292e-01 4.561824452350697889e-01 9.479999999999999538e-01 8.509999999999999787e-01
1.714090030041139079e-01 4.880729050506534827e-01 9.344000000000000083e-01 8.349999999999999645e-01
1.642997947820780125e-01 4.773695238869409829e-01 9.399999999999999467e-01 8.349999999999999645e-01
1.483861106602029356e-01 4.532397335177897890e-01 9.502000000000000446e-01 8.399999999999999689e-01
2.087759508677987930e-01 5.533336172463538816e-01 9.193999999999999950e-01 8.309999999999999609e-01
1.809471582979295390e-01 4.755253824649040562e-01 9.332000000000000295e-01 8.439999999999999725e-01
1.896979407280455776e-01 5.049917958259444450e-01 9.325999999999999845e-01 8.369999999999999662e-01
1.614745953549624746e-01 4.551500142985382968e-01 9.452000000000000401e-01 8.469999999999999751e-01
1.691988300111450794e-01 5.031646456208126450e-01 9.385999999999999899e-01 8.399999999999999689e-01
1.613916652788496831e-01 4.746925043514288456e-01 9.444000000000000172e-01 8.409999999999999698e-01
1.654818195864815045e-01 4.675513032600947527e-01 9.479999999999999538e-01 8.379999999999999671e-01
1.834052935845414956e-01 5.005001710163008433e-01 9.297999999999999599e-01 8.299999999999999600e-01
1.600569325622730743e-01 4.514259833057711613e-01 9.484000000000000208e-01 8.379999999999999671e-01
1.878150772208559693e-01 4.888917001644103033e-01 9.262000000000000233e-01 8.429999999999999716e-01
1.541320575957134120e-01 4.633653619318581773e-01 9.477999999999999758e-01 8.449999999999999734e-01
1.617237415797325439e-01 4.773615234470162116e-01 9.447999999999999732e-01 8.329999999999999627e-01
2.021519382827541844e-01 4.936135865186888072e-01 9.257999999999999563e-01 8.419999999999999707e-01
1.776058293511584840e-01 4.925846259214362588e-01 9.334000000000000075e-01 8.429999999999999716e-01
1.582549949644777854e-01 4.587848444679787363e-01 9.445999999999999952e-01 8.449999999999999734e-01
1.482792117246136965e-01 4.774785667669190214e-01 9.484000000000000208e-01 8.519999999999999796e-01
1.688751039437726975e-01 4.576174085529349789e-01 9.389999999999999458e-01 8.419999999999999707e-01
2.192910998250607035e-01 5.126876526190707883e-01 9.102000000000000091e-01 8.299999999999999600e-01
1.712352517129304141e-01 4.608437414326582715e-01 9.357999999999999652e-01 8.379999999999999671e-01
1.592846789552413711e-01 4.431730173859989019e-01 9.484000000000000208e-01 8.399999999999999689e-01
1.397357166107744408e-01 4.492990168135448936e-01 9.577999999999999847e-01 8.419999999999999707e-01
1.484795628923849531e-01 4.403326841672810521e-01 9.559999999999999609e-01 8.439999999999999725e-01
1.510246780358567853e-01 4.535274796363358840e-01 9.499999999999999556e-01 8.469999999999999751e-01
1.660418578580796778e-01 4.557329838800709410e-01 9.442000000000000393e-01 8.439999999999999725e-01
1.677632170208456508e-01 4.859653698846272962e-01 9.367999999999999661e-01 8.329999999999999627e-01
1.660558104115429645e-01 4.623535510141060789e-01 9.444000000000000172e-01 8.419999999999999707e-01
1.979320870385258280e-01 5.236493987126775718e-01 9.254000000000000004e-01 8.329999999999999627e-01
1.934699420338796272e-01 4.986610308690507254e-01 9.305999999999999828e-01 8.349999999999999645e-01
1.399894057289551574e-01 4.567648382380248284e-01 9.536000000000000032e-01 8.459999999999999742e-01
1.500712154679293142e-01 4.503323365323095850e-01 9.479999999999999538e-01 8.479999999999999760e-01
1.919976132309981487e-01 5.157650077052217119e-01 9.342000000000000304e-01 8.289999999999999591e-01
1.625773715867075697e-01 4.628022130947433421e-01 9.407999999999999696e-01 8.469999999999999751e-01
1.436190613082137246e-01 4.582917360466090551e-01 9.549999999999999600e-01 8.359999999999999654e-01
1.621781524574161804e-01 4.670348140754346233e-01 9.475999999999999979e-01 8.439999999999999725e-01
1.645112855023078691e-01 4.804116756080482054e-01 9.417999999999999705e-01 8.399999999999999689e-01
1.876241471071908584e-01 5.184841796563924854e-01 9.264000000000000012e-01 8.299999999999999600e-01
1.670043999850199801e-01 5.040912528371588319e-01 9.394000000000000128e-01 8.319999999999999618e-01
1.640826679254415721e-01 4.621315082330768043e-01 9.407999999999999696e-01 8.409999999999999698e-01
1.497513724569644600e-01 4.553146772482145055e-01 9.487999999999999767e-01 8.479999999999999760e-01
1.455683330063707315e-01 4.500231083387534192e-01 9.534000000000000252e-01 8.479999999999999760e-01
1.560478293791811855e-01 4.368699500642629907e-01 9.469999999999999529e-01 8.479999999999999760e-01
1.490687611871644169e-01 4.889104180426203095e-01 9.449999999999999512e-01 8.479999999999999760e-01
1.802015143950146947e-01 4.774521197978407461e-01 9.357999999999999652e-01 8.459999999999999742e-01
2.193139711040752449e-01 5.453071647504336150e-01 9.115999999999999659e-01 8.129999999999999449e-01
2.115648521585210828e-01 5.113008091511958009e-01 9.127999999999999448e-01 8.249999999999999556e-01
1.714204632572469411e-01 4.904784572701903489e-01 9.392000000000000348e-01 8.369999999999999662e-01
1.545899793071989214e-01 4.818597798800319798e-01 9.469999999999999529e-01 8.409999999999999698e-01
1.388083994809442556e-01 4.603153731945461846e-01 9.512000000000000455e-01 8.429999999999999716e-01
1.600529220910922867e-01 5.093131942403040791e-01 9.425999999999999934e-01 8.359999999999999654e-01
1.361721197728130162e-01 4.426021484464416900e-01 9.579999999999999627e-01 8.509999999999999787e-01
1.514339791206928409e-01 4.694514522915687604e-01 9.475999999999999979e-01 8.459999999999999742e-01
2.014472696117559636e-01 4.969188040323038180e-01 9.254000000000000004e-01 8.359999999999999654e-01
2.242992787692578427e-01 5.500142430587251496e-01 9.105999999999999650e-01 8.159999999999999476e-01
1.363258510947793767e-01 4.722126959686741010e-01 9.527999999999999803e-01 8.439999999999999725e-01
1.548722705745847195e-01 4.920849829758834892e-01 9.444000000000000172e-01 8.369999999999999662e-01
1.499078529709338137e-01 4.739703836899958889e-01 9.494000000000000217e-01 8.449999999999999734e-01
1.551019969518569741e-01 4.578910852946197485e-01 9.459999999999999520e-01 8.409999999999999698e-01
1.617979751100219743e-01 4.835271738280715326e-01 9.387999999999999678e-01 8.439999999999999725e-01
1.990120315973533116e-01 5.362223545770018474e-01 9.243999999999999995e-01 8.289999999999999591e-01
1.877042476786698888e-01 5.163639617130502124e-01 9.320000000000000506e-01 8.409999999999999698e-01
1.688449754969404415e-01 5.073384068962661919e-01 9.425999999999999934e-01 8.419999999999999707e-01
1.753062134647819792e-01 4.906108283092534550e-01 9.374000000000000110e-01 8.389999999999999680e-01
1.685881855052371869e-01 4.980115784471406681e-01 9.415999999999999925e-01 8.359999999999999654e-01
1.418061576170953353e-01 4.732511106828274361e-01 9.527999999999999803e-01 8.419999999999999707e-01
1.487590948392399359e-01 4.909912718828232658e-01 9.467999999999999750e-01 8.329999999999999627e-01
1.424868222481507352e-01 4.761925571128534651e-01 9.484000000000000208e-01 8.489999999999999769e-01
1.378966712677088535e-01 4.930233612847430558e-01 9.559999999999999609e-01 8.369999999999999662e-01
1.493192883839282448e-01 4.896482016018844363e-01 9.485999999999999988e-01 8.439999999999999725e-01
1.461735398585916890e-01 4.702564249989643619e-01 9.526000000000000023e-01 8.429999999999999716e-01
2.096745904264735172e-01 5.287090524103077449e-01 9.227999999999999536e-01 8.159999999999999476e-01
1.624814050828807532e-01 4.658920653972446480e-01 9.402000000000000357e-01 8.449999999999999734e-01
1.547608316814036988e-01 4.879571906406067749e-01 9.447999999999999732e-01 8.379999999999999671e-01
1.530681366247562125e-01 4.895984314620234201e-01 9.444000000000000172e-01 8.489999999999999769e-01
1.841256529206174164e-01 5.184555408207132121e-01 9.315999999999999837e-01 8.339999999999999636e-01
1.486877180617062200e-01 4.942445063210694767e-01 9.485999999999999988e-01 8.469999999999999751e-01
1.679888611233131546e-01 5.149206113878823654e-01 9.377999999999999670e-01 8.349999999999999645e-01
1.447721316622616328e-01 4.782762517231530230e-01 9.497999999999999776e-01 8.509999999999999787e-01
1.457530322517710253e-01 4.536173726151077057e-01 9.479999999999999538e-01 8.449999999999999734e-01
1.618661000879073331e-01 5.075742531097603427e-01 9.424000000000000155e-01 8.329999999999999627e-01
1.449890299040196007e-01 4.644807249701450313e-01 9.507999999999999785e-01 8.409999999999999698e-01
1.471412872374874559e-01 4.893677046880457460e-01 9.484000000000000208e-01 8.459999999999999742e-01
1.534197744794639218e-01 4.823927342518650740e-01 9.457999999999999741e-01 8.459999999999999742e-01
1.445492899806493370e-01 4.737821931563298561e-01 9.482000000000000428e-01 8.419999999999999707e-01
1.980346078634131479e-01 5.257321792176733455e-01 9.282000000000000250e-01 8.269999999999999574e-01
1.566659496499059057e-01 4.631367368442254606e-01 9.422000000000000375e-01 8.559999999999999831e-01
1.465798136892438874e-01 4.821573789868660032e-01 9.479999999999999538e-01 8.509999999999999787e-01
1.458971795312057063e-01 4.717543568975739454e-01 9.527999999999999803e-01 8.359999999999999654e-01
1.363153026373717658e-01 4.351254456504136114e-01 9.592000000000000526e-01 8.409999999999999698e-01
1.552211372275235646e-01 4.921470746252689654e-01 9.425999999999999934e-01 8.269999999999999574e-01
1.346768036122475698e-01 4.996202559759033712e-01 9.537999999999999812e-01 8.449999999999999734e-01
1.401317469864453436e-01 4.626557006242544290e-01 9.549999999999999600e-01 8.529999999999999805e-01
1.443089831273720036e-01 4.772341160276131200e-01 9.542000000000000481e-01 8.319999999999999618e-01
1.443637719760090532e-01 4.837086917512256057e-01 9.512000000000000455e-01 8.339999999999999636e-01
1.606813252248396329e-01 5.064135113371448504e-01 9.407999999999999696e-01 8.409999999999999698e-01
1.829716285720777991e-01 5.528778430905415542e-01 9.342000000000000304e-01 8.259999999999999565e-01
1.440818081629493541e-01 4.690552373268930264e-01 9.509999999999999565e-01 8.509999999999999787e-01
1.477302830940884215e-01 4.967301267526076369e-01 9.444000000000000172e-01 8.509999999999999787e-01
1.658763789843079317e-01 5.001062558329397723e-01 9.395999999999999908e-01 8.439999999999999725e-01
1.837538105552384560e-01 5.325833657222734940e-01 9.264000000000000012e-01 8.349999999999999645e-01
1.400893513872880358e-01 4.827234273516281537e-01 9.546000000000000041e-01 8.519999999999999796e-01
1.621944079293778096e-01 4.900369725822716349e-01 9.422000000000000375e-01 8.349999999999999645e-01
1.351645961064263379e-01 4.704984699785784708e-01 9.529999999999999583e-01 8.399999999999999689e-01
1.409574188275014850e-01 4.784596871926892758e-01 9.527999999999999803e-01 8.379999999999999671e-01
1.482556696594725387e-01 4.745883853779455097e-01 9.485999999999999988e-01 8.379999999999999671e-01
1.469129050000597958e-01 4.824894187719160898e-01 9.492000000000000437e-01 8.419999999999999707e-01
1.294374449289883711e-01 4.569115585917885025e-01 9.599999999999999645e-01 8.489999999999999769e-01
1.238369399840451024e-01 4.649951415610589778e-01 9.614000000000000323e-01 8.459999999999999742e-01
1.546611425354976477e-01 4.554242405788494485e-01 9.449999999999999512e-01 8.449999999999999734e-01
1.420684756265132853e-01 4.572219728544718031e-01 9.497999999999999776e-01 8.529999999999999805e-01
1.798513123003754877e-01 4.724119741092588365e-01 9.332000000000000295e-01 8.339999999999999636e-01
1.561446300538468224e-01 5.038787341657368080e-01 9.444000000000000172e-01 8.389999999999999680e-01
1.293542497406887093e-01 4.597944186912924502e-01 9.584000000000000297e-01 8.379999999999999671e-01
1.388865413916664238e-01 4.594366628980207090e-01 9.576000000000000068e-01 8.459999999999999742e-01
1.352953993181430503e-01 4.633712752665558043e-01 9.574000000000000288e-01 8.449999999999999734e-01
1.632223448651254905e-01 4.963410276723876913e-01 9.384000000000000119e-01 8.379999999999999671e-01
1.809840080398985585e-01 5.006482342112303918e-01 9.322000000000000286e-01 8.329999999999999627e-01
1.242588343830871994e-01 4.649431746934377663e-01 9.607999999999999874e-01 8.449999999999999734e-01
1.456432032205414173e-01 4.673772570036935359e-01 9.474000000000000199e-01 8.399999999999999689e-01
1.608892042973749659e-01 4.780712832256839295e-01 9.419999999999999485e-01 8.429999999999999716e-01
1.538650865305647708e-01 4.655994953056300512e-01 9.437999999999999723e-01 8.469999999999999751e-01
1.470185564166557879e-01 4.834125182453012926e-01 9.526000000000000023e-01 8.509999999999999787e-01
1.559820036238485919e-01 4.616131267045764375e-01 9.464000000000000190e-01 8.359999999999999654e-01
1.774883760186204140e-01 5.274882308802247843e-01 9.305999999999999828e-01 8.329999999999999627e-01
1.375833300926793124e-01 4.635473295979010144e-01 9.512000000000000455e-01 8.409999999999999698e-01
1.296666836063464778e-01 4.606304493176777703e-01 9.566000000000000059e-01 8.549999999999999822e-01
1.459237245697975194e-01 4.743372717222020252e-01 9.519999999999999574e-01 8.409999999999999698e-01
1.410430930518223325e-01 4.794948278467587865e-01 9.504000000000000226e-01 8.409999999999999698e-01
1.663454614970385492e-01 5.091100800522380121e-01 9.402000000000000357e-01 8.319999999999999618e-01
1.287050411475678946e-01 4.409953417826887878e-01 9.619999999999999662e-01 8.429999999999999716e-01
1.380673950935527583e-01 4.892818809028716687e-01 9.539999999999999591e-01 8.359999999999999654e-01
1.323053800781555378e-01 4.687064741469094131e-01 9.579999999999999627e-01 8.439999999999999725e-01
1.437371973550288784e-01 4.954534629956278136e-01 9.489999999999999547e-01 8.439999999999999725e-01
1.455766181628350142e-01 4.745871159680246087e-01 9.539999999999999591e-01 8.409999999999999698e-01
1.857091080989916598e-01 5.379304652542323817e-01 9.254000000000000004e-01 8.339999999999999636e-01
1.299773484076162389e-01 4.845187723235842570e-01 9.582000000000000517e-01 8.469999999999999751e-01
1.415058558166427116e-01 4.638247276926493745e-01 9.534000000000000252e-01 8.479999999999999760e-01
1.386182438527568950e-01 4.591948023384647692e-01 9.562000000000000499e-01 8.439999999999999725e-01
1.697489207816809953e-01 4.988633370823879476e-01 9.374000000000000110e-01 8.369999999999999662e-01
1.563359035662741647e-01 4.820888079029794215e-01 9.425999999999999934e-01 8.409999999999999698e-01
1.362968990372564471e-01 4.723257460210900094e-01 9.559999999999999609e-01 8.459999999999999742e-01
1.488691420620936734e-01 4.969541141344061552e-01 9.492000000000000437e-01 8.379999999999999671e-01
1.510088152991782562e-01 5.277619882075155200e-01 9.447999999999999732e-01 8.299999999999999600e-01
1.700141059256824183e-01 5.094873634137386809e-01 9.357999999999999652e-01 8.339999999999999636e-01
1.731823222393103212e-01 5.000556806747407101e-01 9.347999999999999643e-01 8.329999999999999627e-01
1.580100298666476943e-01 5.129818914127188823e-01 9.455999999999999961e-01 8.309999999999999609e-01
1.545050893031453543e-01 4.968444117266957449e-01 9.484000000000000208e-01 8.509999999999999787e-01
1.355746580598649886e-01 4.648814734390743220e-01 9.537999999999999812e-01 8.509999999999999787e-01
1.388953651530162592e-01 4.802021461003629366e-01 9.524000000000000243e-01 8.499999999999999778e-01
1.383449174243353286e-01 4.712526202580695767e-01 9.554000000000000270e-01 8.409999999999999698e-01
1.347210122257357368e-01 4.908684184734279365e-01 9.527999999999999803e-01 8.379999999999999671e-01
1.497207147933984628e-01 5.096723361589861057e-01 9.469999999999999529e-01 8.309999999999999609e-01
2.269851228619382821e-01 5.632704515997274397e-01 9.155999999999999694e-01 8.179999999999999494e-01
1.568867722897878680e-01 5.225026349593768771e-01 9.377999999999999670e-01 8.359999999999999654e-01
1.491138914224001411e-01 4.871477576659995479e-01 9.499999999999999556e-01 8.339999999999999636e-01
1.413570666460577663e-01 5.074234065290995632e-01 9.549999999999999600e-01 8.439999999999999725e-01
1.556443038896845876e-01 4.501290924843488472e-01 9.452000000000000401e-01 8.419999999999999707e-01
1.409121535334265096e-01 4.895130800793757730e-01 9.484000000000000208e-01 8.419999999999999707e-01
1.733498507144712042e-01 4.826833572661872740e-01 9.372000000000000330e-01 8.299999999999999600e-01
1.332753479091024762e-01 4.745985926932187460e-01 9.546000000000000041e-01 8.429999999999999716e-01
1.261937594700375531e-01 4.525691652276227495e-01 9.607999999999999874e-01 8.479999999999999760e-01
1.536346156988983580e-01 4.941010745660582848e-01 9.469999999999999529e-01 8.409999999999999698e-01
1.145465772202293453e-01 4.652000814327595934e-01 9.634000000000000341e-01 8.439999999999999725e-01
1.461185305935480683e-01 5.057377168129495448e-01 9.475999999999999979e-01 8.339999999999999636e-01
1.332434483573176343e-01 5.018194189756189916e-01 9.529999999999999583e-01 8.319999999999999618e-01
1.279594170767686945e-01 4.574551335279813946e-01 9.612000000000000544e-01 8.419999999999999707e-01
1.969374997104751390e-01 5.739388157899213416e-01 9.245999999999999774e-01 8.090000000000000524e-01
1.388390251350624938e-01 4.947154653551384396e-01 9.526000000000000023e-01 8.319999999999999618e-01
1.480387445861568729e-01 5.010360115342890053e-01 9.475999999999999979e-01 8.499999999999999778e-01
1.195871251212988623e-01 4.515589574234778469e-01 9.639999999999999680e-01 8.449999999999999734e-01
1.296186542565972988e-01 4.612420307528249386e-01 9.612000000000000544e-01 8.459999999999999742e-01
1.285728472723652316e-01 4.574942028690932028e-01 9.612000000000000544e-01 8.479999999999999760e-01
1.236308540657059390e-01 4.641185484830676056e-01 9.609999999999999654e-01 8.379999999999999671e-01
1.420333524368140310e-01 4.984032000555322917e-01 9.507999999999999785e-01 8.459999999999999742e-01
1.353849034422215103e-01 4.665629632045216746e-01 9.527999999999999803e-01 8.429999999999999716e-01
1.351590282293243517e-01 4.740048986963543154e-01 9.576000000000000068e-01 8.399999999999999689e-01
1.587101096020977764e-01 4.647019480990131624e-01 9.467999999999999750e-01 8.409999999999999698e-01
1.390421810366451738e-01 4.581252182724699917e-01 9.542000000000000481e-01 8.489999999999999769e-01
1.325598903599952139e-01 4.735780347020566716e-01 9.574000000000000288e-01 8.399999999999999689e-01
1.784597819787624717e-01 5.280334150615448863e-01 9.332000000000000295e-01 8.299999999999999600e-01
1.405037992383156575e-01 5.050457038841211777e-01 9.539999999999999591e-01 8.339999999999999636e-01
1.764461825758966984e-01 5.344179337007044506e-01 9.350000000000000533e-01 8.329999999999999627e-01
1.337716865344507344e-01 4.710177912792080090e-01 9.552000000000000490e-01 8.489999999999999769e-01
1.321642054865596605e-01 4.544054139836650741e-01 9.602000000000000535e-01 8.469999999999999751e-01
1.455958148875220459e-01 4.630500912586122952e-01 9.487999999999999767e-01 8.419999999999999707e-01
1.325077155001232188e-01 4.777217865980276645e-01 9.559999999999999609e-01 8.429999999999999716e-01
1.401273495332521768e-01 4.700838072291650405e-01 9.532000000000000473e-01 8.419999999999999707e-01
1.286602343793834813e-01 4.692858185226020939e-01 9.567999999999999838e-01 8.469999999999999751e-01
1.288237795701989152e-01 4.447836372502322333e-01 9.612000000000000544e-01 8.439999999999999725e-01
1.413133239493569171e-01 5.090770715965518001e-01 9.494000000000000217e-01 8.349999999999999645e-01
1.372670369353625741e-01 5.001829292222115253e-01 9.527999999999999803e-01 8.449999999999999734e-01
1.401831044573663698e-01 5.080525073917200318e-01 9.462000000000000410e-01 8.369999999999999662e-01
1.461665413089206500e-01 4.947590113232404607e-01 9.482000000000000428e-01 8.449999999999999734e-01
1.447101116582604485e-01 4.975995172471234240e-01 9.489999999999999547e-01 8.409999999999999698e-01
1.461100606630180987e-01 4.722436284039179255e-01 9.532000000000000473e-01 8.369999999999999662e-01
1.828552656207202420e-01 5.413024674292049587e-01 9.302000000000000268e-01 8.219999999999999529e-01
