2.268806717225206881e+00 2.271105211108206401e+00 2.444000000000000061e-01 2.429999999999999938e-01
1.413450121084974809e+00 1.408017072118428858e+00 4.547999999999999821e-01 4.640000000000000235e-01
9.662280059359170670e-01 9.910035936808030410e-01 5.570000000000000506e-01 5.320000000000000284e-01
7.263831309077657394e-01 7.564832422798317690e-01 7.294000000000000483e-01 7.229999999999999760e-01
6.786483923771583493e-01 7.154300207144453916e-01 7.479999999999999982e-01 7.389999999999999902e-01
6.069208271580353031e-01 6.712065346265142507e-01 7.658000000000000362e-01 7.419999999999999929e-01
5.773005660625833979e-01 6.404428917343605310e-01 7.870000000000000329e-01 7.550000000000000044e-01
5.374545839026031446e-01 6.075719580776992590e-01 8.024000000000000021e-01 7.800000000000000266e-01
5.356458077297752141e-01 6.116535124575070981e-01 7.932000000000000162e-01 7.620000000000000107e-01
5.330715107994773438e-01 6.195699442360883546e-01 8.030000000000000471e-01 7.740000000000000213e-01
4.797433842178016605e-01 5.583608398908782577e-01 8.235999999999999988e-01 7.990000000000000435e-01
4.643348435199961544e-01 5.417262585803219732e-01 8.322000000000000508e-01 8.010000000000000453e-01
4.622455909617893544e-01 5.535654902628727170e-01 8.269999999999999574e-01 7.900000000000000355e-01
4.398050957593064858e-01 5.296596518574587797e-01 8.479999999999999760e-01 8.159999999999999476e-01
4.298930650898729056e-01 5.525554847433667982e-01 8.444000000000000394e-01 7.940000000000000391e-01
4.135417481018726638e-01 5.241650886878219673e-01 8.529999999999999805e-01 8.020000000000000462e-01
3.946029007106920949e-01 5.155961310820174059e-01 8.568000000000000060e-01 8.100000000000000533e-01
4.028907942750855620e-01 5.285192568284794445e-01 8.541999999999999593e-01 8.120000000000000551e-01
4.009163723828107484e-01 5.089658411914261826e-01 8.549999999999999822e-01 8.060000000000000497e-01
3.665813936547480112e-01 4.946431064822747192e-01 8.691999999999999726e-01 8.149999999999999467e-01
4.029056243744046917e-01 5.351774097414370157e-01 8.499999999999999778e-01 8.070000000000000506e-01
3.552497009321204380e-01 4.848701783592016534e-01 8.728000000000000203e-01 8.329999999999999627e-01
3.732728390580455358e-01 5.021980913757071452e-01 8.628000000000000114e-01 8.169999999999999485e-01
3.491629875748827327e-01 4.821645957976703478e-01 8.746000000000000441e-01 8.239999999999999547e-01
3.472732723180855241e-01 4.862066679051775808e-01 8.750000000000000000e-01 8.309999999999999609e-01
3.620046993375717337e-01 4.941989296843025126e-01 8.688000000000000167e-01 8.219999999999999529e-01
3.591755352492259634e-01 5.015618710180838047e-01 8.666000000000000369e-01 8.219999999999999529e-01
3.323988136808671556e-01 4.819620049481355695e-01 8.796000000000000485e-01 8.269999999999999574e-01
3.478846670518541129e-01 4.848301763227234051e-01 8.688000000000000167e-01 8.229999999999999538e-01
3.212626838906940119e-01 4.753374789959254332e-01 8.823999999999999622e-01 8.239999999999999547e-01
3.087451469416533922e-01 4.664536066856571628e-01 8.893999999999999684e-01 8.329999999999999627e-01
3.467685282919558132e-01 5.029034294896284063e-01 8.678000000000000158e-01 8.110000000000000542e-01
3.150849935558064363e-01 4.604032990213173804e-01 8.860000000000000098e-01 8.339999999999999636e-01
3.444967416038383634e-01 4.700246968347901455e-01 8.736000000000000432e-01 8.259999999999999565e-01
3.079980979858806811e-01 4.447227710423364844e-01 8.901999999999999913e-01 8.329999999999999627e-01
3.120922749508167615e-01 4.794056329181765053e-01 8.818000000000000282e-01 8.189999999999999503e-01
3.244805035481678757e-01 4.991335436238623635e-01 8.756000000000000449e-01 8.139999999999999458e-01
3.025014709145848468e-01 4.640377331022345619e-01 8.920000000000000151e-01 8.289999999999999591e-01
3.043547515825952843e-01 4.685647313876095121e-01 8.858000000000000318e-01 8.249999999999999556e-01
3.007439972130477868e-01 4.695723331003823220e-01 8.910000000000000142e-01 8.229999999999999538e-01
2.925716112108572298e-01 4.732003212944226322e-01 8.898000000000000353e-01 8.339999999999999636e-01
2.888567773339264511e-01 4.501265054361928697e-01 8.945999999999999508e-01 8.379999999999999671e-01
3.405736129325442341e-01 5.284732691161109219e-01 8.643999999999999462e-01 8.149999999999999467e-01
2.825697209642750729e-01 4.434108083498387032e-01 8.981999999999999984e-01 8.379999999999999671e-01
3.095171526200404255e-01 4.739540679420822245e-01 8.848000000000000309e-01 8.299999999999999600e-01
2.851140222316745909e-01 4.713172678179163300e-01 8.911999999999999922e-01 8.299999999999999600e-01
2.842997627533344063e-01 4.474090176310073219e-01 9.008000000000000451e-01 8.369999999999999662e-01
2.825139189006183882e-01 4.466655876628931043e-01 8.993999999999999773e-01 8.409999999999999698e-01
3.258905871500085150e-01 5.251564673284333518e-01 8.748000000000000220e-01 8.120000000000000551e-01
2.791049443351875103e-01 4.693523927225066172e-01 8.965999999999999526e-01 8.389999999999999680e-01
2.860701786953814274e-01 4.569388361134140153e-01 8.908000000000000362e-01 8.319999999999999618e-01
2.662296112933842940e-01 4.384254607966538986e-01 9.048000000000000487e-01 8.379999999999999671e-01
2.645694440047149376e-01 4.429052269938341668e-01 9.042000000000000037e-01 8.369999999999999662e-01
2.712273994257230481e-01 4.689523021409007786e-01 8.998000000000000442e-01 8.349999999999999645e-01
3.009758823183151244e-01 4.881023536763027804e-01 8.830000000000000071e-01 8.139999999999999458e-01
2.673310039474466882e-01 4.425343693779433263e-01 9.035999999999999588e-01 8.379999999999999671e-01
2.436376690320198601e-01 4.307918171509900196e-01 9.125999999999999668e-01 8.349999999999999645e-01
2.892638174450248845e-01 4.910921468299109249e-01 8.901999999999999913e-01 8.269999999999999574e-01
2.716498986818541850e-01 4.565537002722392934e-01 8.950000000000000178e-01 8.409999999999999698e-01
2.607055816112855973e-01 4.479910863208220184e-01 9.055999999999999606e-01 8.379999999999999671e-01
2.436266338023108935e-01 4.335657595818020460e-01 9.142000000000000126e-01 8.509999999999999787e-01
2.633029527926649682e-01 4.732295447063190608e-01 9.043999999999999817e-01 8.299999999999999600e-01
2.424562968127904616e-01 4.350335755006676797e-01 9.130000000000000338e-01 8.329999999999999627e-01
2.665829343726339173e-01 4.527848148126470962e-01 8.993999999999999773e-01 8.389999999999999680e-01
2.459432687586015631e-01 4.646339014908479337e-01 9.058000000000000496e-01 8.239999999999999547e-01
2.551054028780506133e-01 4.576723675067776442e-01 9.070000000000000284e-01 8.329999999999999627e-01
2.643041885828516513e-01 4.572477851076550692e-01 9.033999999999999808e-01 8.389999999999999680e-01
2.350618671278000837e-01 4.277472361149477487e-01 9.190000000000000391e-01 8.479999999999999760e-01
2.409071242601732721e-01 4.523912543518113227e-01 9.127999999999999448e-01 8.349999999999999645e-01
2.532160610163036174e-01 4.736629418918352208e-01 9.090000000000000302e-01 8.289999999999999591e-01
2.482832405858879654e-01 4.492067782040199964e-01 9.083999999999999853e-01 8.369999999999999662e-01
2.533008731454506890e-01 4.527589498407220692e-01 9.035999999999999588e-01 8.339999999999999636e-01
2.348499840260764859e-01 4.280322792195081494e-01 9.200000000000000400e-01 8.479999999999999760e-01
2.566654935219928046e-01 4.613289004653135517e-01 9.053999999999999826e-01 8.369999999999999662e-01
2.400473758834652527e-01 4.557345783533070516e-01 9.098000000000000531e-01 8.349999999999999645e-01
2.654396665263232258e-01 4.830354521526013523e-01 8.971999999999999975e-01 8.279999999999999583e-01
2.523071493478271088e-01 4.831219065349292574e-01 9.072000000000000064e-01 8.319999999999999618e-01
2.526240393189559397e-01 4.520556294910743067e-01 9.095999999999999641e-01 8.389999999999999680e-01
2.245346671642368952e-01 4.447758241581832306e-01 9.187999999999999501e-01 8.509999999999999787e-01
2.428286441389916062e-01 4.923006361787407026e-01 9.075999999999999623e-01 8.359999999999999654e-01
2.785355680990557192e-01 5.197747215740760041e-01 8.938000000000000389e-01 8.199999999999999512e-01
2.403448809442645939e-01 4.495767483513068985e-01 9.137999999999999456e-01 8.349999999999999645e-01
2.444422529175039605e-01 4.789430802334473380e-01 9.073999999999999844e-01 8.399999999999999689e-01
2.276223415235313075e-01 4.574840413283566831e-01 9.163999999999999924e-01 8.469999999999999751e-01
2.344363116773447442e-01 4.634269544061688784e-01 9.142000000000000126e-01 8.389999999999999680e-01
2.095555740364880015e-01 4.411398496782428236e-01 9.270000000000000462e-01 8.359999999999999654e-01
2.422085600939169192e-01 4.689845436536106971e-01 9.112000000000000099e-01 8.309999999999999609e-01
2.516178149003463482e-01 4.686695391011999057e-01 9.100000000000000311e-01 8.289999999999999591e-01
2.336648046121473365e-01 4.699826186381560467e-01 9.137999999999999456e-01 8.389999999999999680e-01
2.373177617090399538e-01 4.884952136770943643e-01 9.135999999999999677e-01 8.259999999999999565e-01
2.543676546735686994e-01 5.011017172165151967e-01 9.008000000000000451e-01 8.249999999999999556e-01
2.240467330021795878e-01 4.599242468428674235e-01 9.162000000000000144e-01 8.399999999999999689e-01
2.200544982597374688e-01 4.612432703485367935e-01 9.163999999999999924e-01 8.279999999999999583e-01
1.993834127744852636e-01 4.293156722824940097e-01 9.304000000000000048e-01 8.559999999999999831e-01
2.467491992795339817e-01 4.922168110654502882e-01 9.093999999999999861e-01 8.209999999999999520e-01
2.013469614423855913e-01 4.205453518360459109e-01 9.314000000000000057e-01 8.419999999999999707e-01
2.176128680618538980e-01 4.537948662497894303e-01 9.217999999999999527e-01 8.459999999999999742e-01
1.952750770881109821e-01 4.367114003360723085e-01 9.340000000000000524e-01 8.459999999999999742e-01
2.205533699171378925e-01 4.769959027816700337e-01 9.177999999999999492e-01 8.359999999999999654e-01
2.066320708656437521e-01 4.408707505138783067e-01 9.305999999999999828e-01 8.399999999999999689e-01
3.187630697667905300e-01 5.830563457880276745e-01 8.738000000000000211e-01 7.940000000000000391e-01
2.105740203634576535e-01 4.343295118745850170e-01 9.264000000000000012e-01 8.459999999999999742e-01
2.245805211403644475e-01 4.854040757036631737e-01 9.173999999999999932e-01 8.379999999999999671e-01
2.187955468969818018e-01 4.508043725405977975e-01 9.223999999999999977e-01 8.239999999999999547e-01
2.242678594507014067e-01 4.610084276742887899e-01 9.220000000000000417e-01 8.389999999999999680e-01
2.043437532723444694e-01 4.498365267478070528e-01 9.233999999999999986e-01 8.409999999999999698e-01
2.072216039910206864e-01 4.511139816882875908e-01 9.250000000000000444e-01 8.359999999999999654e-01
1.938901249817415740e-01 4.285018506470398836e-01 9.295999999999999819e-01 8.499999999999999778e-01
1.957293061328025385e-01 4.588763251109988506e-01 9.267999999999999572e-01 8.359999999999999654e-01
2.124113451711124867e-01 4.616894574509536886e-01 9.207999999999999519e-01 8.409999999999999698e-01
2.117676141251897126e-01 4.667842175293666074e-01 9.195999999999999730e-01 8.409999999999999698e-01
2.486778736759703012e-01 4.786347656269769879e-01 9.068000000000000504e-01 8.269999999999999574e-01
1.871775934744691061e-01 4.348629684026434350e-01 9.365999999999999881e-01 8.399999999999999689e-01
1.958113515518603576e-01 4.204876267549677027e-01 9.305999999999999828e-01 8.469999999999999751e-01
1.798751360323675719e-01 4.532438194813531718e-01 9.354000000000000092e-01 8.389999999999999680e-01
1.828934512308036664e-01 4.306723256966993318e-01 9.379999999999999449e-01 8.399999999999999689e-01
2.109626553906743529e-01 4.810177470309742187e-01 9.235999999999999766e-01 8.329999999999999627e-01
2.020505856033257830e-01 4.533316791329210504e-01 9.267999999999999572e-01 8.449999999999999734e-01
1.870145172278684376e-01 4.482295841759432742e-01 9.307999999999999607e-01 8.459999999999999742e-01
1.840009118385100562e-01 4.498952558055548390e-01 9.365999999999999881e-01 8.489999999999999769e-01
2.140832683526452118e-01 4.552041358860980935e-01 9.227999999999999536e-01 8.349999999999999645e-01
2.039072560261213640e-01 4.685304845805982610e-01 9.267999999999999572e-01 8.349999999999999645e-01
2.029152048101568739e-01 4.610595121295276710e-01 9.284000000000000030e-01 8.319999999999999618e-01
2.150270010728862757e-01 4.828991719685201134e-01 9.195999999999999730e-01 8.309999999999999609e-01
2.075260299902344785e-01 4.829378390597053317e-01 9.243999999999999995e-01 8.289999999999999591e-01
2.560134450970568132e-01 5.181976749007131122e-01 9.023999999999999799e-01 8.169999999999999485e-01
2.032316733737114245e-01 4.546590226822165848e-01 9.287999999999999590e-01 8.329999999999999627e-01
2.091036074424671709e-01 4.515106688408576097e-01 9.212000000000000188e-01 8.409999999999999698e-01
1.789879875214777649e-01 4.429592082616790050e-01 9.375999999999999890e-01 8.489999999999999769e-01
1.857782267511314256e-01 4.550512040201744601e-01 9.320000000000000506e-01 8.419999999999999707e-01
2.418729051835201982e-01 5.581811391648567877e-01 9.105999999999999650e-01 8.269999999999999574e-01
1.992930650062555153e-01 4.443216779397973215e-01 9.322000000000000286e-01 8.469999999999999751e-01
1.781509416997516249e-01 4.412628271687188963e-01 9.387999999999999678e-01 8.489999999999999769e-01
1.903021555055824932e-01 4.537980748366399752e-01 9.310000000000000497e-01 8.469999999999999751e-01
1.849947201497997851e-01 4.417075140193426619e-01 9.362000000000000322e-01 8.369999999999999662e-01
1.901456626629735303e-01 4.389215499151520317e-01 9.300000000000000488e-01 8.369999999999999662e-01
1.870111862702902861e-01 4.542978452931961120e-01 9.295999999999999819e-01 8.459999999999999742e-01
1.908843351658283671e-01 4.645944774506829966e-01 9.304000000000000048e-01 8.389999999999999680e-01
2.002632237674794868e-01 4.749962705789044781e-01 9.257999999999999563e-01 8.359999999999999654e-01
2.085748210788813117e-01 4.576146252685869276e-01 9.260000000000000453e-01 8.319999999999999618e-01
2.253904569639444966e-01 4.987477254774790869e-01 9.165999999999999703e-01 8.239999999999999547e-01
1.874299825800018193e-01 4.968208428173866431e-01 9.270000000000000462e-01 8.349999999999999645e-01
1.848837706638967460e-01 4.434304610264424573e-01 9.360000000000000542e-01 8.469999999999999751e-01
1.969335509871557033e-01 4.499135066313000308e-01 9.305999999999999828e-01 8.419999999999999707e-01
1.733980351829365885e-01 4.538288100602923536e-01 9.387999999999999678e-01 8.519999999999999796e-01
1.971560475259466483e-01 5.011535104604708524e-01 9.260000000000000453e-01 8.329999999999999627e-01
1.855402174160512008e-01 4.772552266731811543e-01 9.354000000000000092e-01 8.339999999999999636e-01
1.820314919114824626e-01 4.546717001234303335e-01 9.355999999999999872e-01 8.349999999999999645e-01
2.085697984501810320e-01 4.669683783090912144e-01 9.282000000000000250e-01 8.379999999999999671e-01
1.803711749921578789e-01 4.615679245611207793e-01 9.357999999999999652e-01 8.399999999999999689e-01
1.614849030383086470e-01 4.361684759658738808e-01 9.464000000000000190e-01 8.479999999999999760e-01
2.222124332635790345e-01 4.834695737074193866e-01 9.153999999999999915e-01 8.309999999999999609e-01
2.306037222381308871e-01 5.277253065147374800e-01 9.115999999999999659e-01 8.299999999999999600e-01
1.729756254770730139e-01 4.730524330380804221e-01 9.389999999999999458e-01 8.429999999999999716e-01
1.795265397765480886e-01 4.488760452337088869e-01 9.377999999999999670e-01 8.399999999999999689e-01
1.646295030048059715e-01 4.500002453357573318e-01 9.417999999999999705e-01 8.389999999999999680e-01
1.953110482868235520e-01 4.596785335438768327e-01 9.355999999999999872e-01 8.369999999999999662e-01
1.686423773623348943e-01 4.507125593262801266e-01 9.404000000000000137e-01 8.429999999999999716e-01
1.709868826941682296e-01 4.743319420664596220e-01 9.384000000000000119e-01 8.329999999999999627e-01
1.653465970481630132e-01 4.554001671313391286e-01 9.395999999999999908e-01 8.369999999999999662e-01
1.983433341649123716e-01 4.694999489263021464e-01 9.277999999999999581e-01 8.399999999999999689e-01
1.871096726310346736e-01 4.619523639951693683e-01 9.312000000000000277e-01 8.359999999999999654e-01
1.585060781414904252e-01 4.457431347138945399e-01 9.449999999999999512e-01 8.499999999999999778e-01
1.783578964833821279e-01 4.734222705065519454e-01 9.344000000000000083e-01 8.329999999999999627e-01
1.742104679351671181e-01 4.611157387026221244e-01 9.394000000000000128e-01 8.379999999999999671e-01
1.658425224169181866e-01 4.494619159851923618e-01 9.405999999999999917e-01 8.439999999999999725e-01
1.771317548006069165e-01 4.659564310072438764e-01 9.399999999999999467e-01 8.459999999999999742e-01
1.713388251066489676e-01 4.480103296162937232e-01 9.397999999999999687e-01 8.439999999999999725e-01
1.971220135991934852e-01 4.849400200554725426e-01 9.290000000000000480e-01 8.409999999999999698e-01
1.728298441591017420e-01 4.397022186809941835e-01 9.432000000000000384e-01 8.369999999999999662e-01
1.758832938972611781e-01 4.466907705785014282e-01 9.355999999999999872e-01 8.449999999999999734e-01
1.601409859980973127e-01 4.786291386125419711e-01 9.444000000000000172e-01 8.399999999999999689e-01
1.906401259008028704e-01 5.170542601516719960e-01 9.290000000000000480e-01 8.339999999999999636e-01
1.734146575016231040e-01 4.705856118725213477e-01 9.392000000000000348e-01 8.389999999999999680e-01
1.666680573210816418e-01 4.651846232408449744e-01 9.422000000000000375e-01 8.429999999999999716e-01
1.686624775149362376e-01 4.482777958832562804e-01 9.422000000000000375e-01 8.349999999999999645e-01
1.584136904290031067e-01 4.508900690396349664e-01 9.504000000000000226e-01 8.359999999999999654e-01
1.972815097693842168e-01 5.148824375167464495e-01 9.270000000000000462e-01 8.329999999999999627e-01
1.949922114524331451e-01 5.159631477728838789e-01 9.267999999999999572e-01 8.339999999999999636e-01
1.883363176022638530e-01 5.224004834884895532e-01 9.300000000000000488e-01 8.269999999999999574e-01
1.789883749421783132e-01 4.723734304393094607e-01 9.335999999999999854e-01 8.309999999999999609e-01
1.860451810837954745e-01 4.664958983583537555e-01 9.302000000000000268e-01 8.339999999999999636e-01
1.698914270326122300e-01 4.737707181948788149e-01 9.370000000000000551e-01 8.479999999999999760e-01
1.874247128432489362e-01 4.616247134081552517e-01 9.350000000000000533e-01 8.289999999999999591e-01
1.803820653009427233e-01 4.749563077978540271e-01 9.315999999999999837e-01 8.269999999999999574e-01
1.719802372919126410e-01 4.497568658681310727e-01 9.365999999999999881e-01 8.479999999999999760e-01
1.753827320409986901e-01 4.923568725699120074e-01 9.324000000000000066e-01 8.419999999999999707e-01
1.606610664984109427e-01 4.686858588292228123e-01 9.442000000000000393e-01 8.349999999999999645e-01
1.844988822951689200e-01 4.584618555615319613e-01 9.337999999999999634e-01 8.329999999999999627e-01
1.736759564157378255e-01 4.702392658100949530e-01 9.397999999999999687e-01 8.399999999999999689e-01
2.050035040377179152e-01 5.380360130473686997e-01 9.233999999999999986e-01 8.369999999999999662e-01
2.157482136211766877e-01 5.187758547149516897e-01 9.222000000000000197e-01 8.369999999999999662e-01
1.675551637159487239e-01 4.942998664879813542e-01 9.385999999999999899e-01 8.319999999999999618e-01
1.807545219972113426e-01 4.933081568178387388e-01 9.355999999999999872e-01 8.389999999999999680e-01
1.617887247021486397e-01 4.562887861005757717e-01 9.457999999999999741e-01 8.469999999999999751e-01
1.709225549755425122e-01 4.749988415534024955e-01 9.394000000000000128e-01 8.389999999999999680e-01
1.789560619393715524e-01 4.869316255015823103e-01 9.334000000000000075e-01 8.389999999999999680e-01
1.711115433744513081e-01 4.747639350943910208e-01 9.374000000000000110e-01 8.319999999999999618e-01
1.647940749552741224e-01 4.575807056586905786e-01 9.432000000000000384e-01 8.359999999999999654e-01
1.701004760675192407e-01 4.543102404211428191e-01 9.399999999999999467e-01 8.369999999999999662e-01
1.652473566022976126e-01 4.441097902076252546e-01 9.449999999999999512e-01 8.419999999999999707e-01
1.737524420088566446e-01 4.666002110825520632e-01 9.399999999999999467e-01 8.389999999999999680e-01
1.555797321071601402e-01 4.511052818283324273e-01 9.506000000000000005e-01 8.419999999999999707e-01
1.515603198760800963e-01 4.409624872529306905e-01 9.516000000000000014e-01 8.459999999999999742e-01
1.769983645093361757e-01 4.632358984155964809e-01 9.374000000000000110e-01 8.339999999999999636e-01
1.763269439479333289e-01 4.934901239499665526e-01 9.365999999999999881e-01 8.319999999999999618e-01
1.510895645389107866e-01 4.447197100171081940e-01 9.475999999999999979e-01 8.539999999999999813e-01
1.488325556641009739e-01 4.781427907220006657e-01 9.472000000000000419e-01 8.459999999999999742e-01
1.620936304225689406e-01 4.801953286134703069e-01 9.407999999999999696e-01 8.379999999999999671e-01
1.622277028648091701e-01 4.633418878936131913e-01 9.417999999999999705e-01 8.489999999999999769e-01
1.850406887516154175e-01 4.948984670659076768e-01 9.317999999999999616e-01 8.249999999999999556e-01
2.057713102397278893e-01 5.266984037096331672e-01 9.215999999999999748e-01 8.349999999999999645e-01
1.509179362473339059e-01 4.679664342365481566e-01 9.439999999999999503e-01 8.409999999999999698e-01
1.761160609837126856e-01 5.118291447173566322e-01 9.325999999999999845e-01 8.369999999999999662e-01
1.818894476580760478e-01 4.770991720361220656e-01 9.394000000000000128e-01 8.369999999999999662e-01
1.574969853271705744e-01 4.811999522360064230e-01 9.422000000000000375e-01 8.409999999999999698e-01
1.448398528801262686e-01 4.664752509010031689e-01 9.487999999999999767e-01 8.469999999999999751e-01
1.924211371759939615e-01 5.281409485082072530e-01 9.307999999999999607e-01 8.259999999999999565e-01
1.621537243798227279e-01 4.608334697324088514e-01 9.455999999999999961e-01 8.399999999999999689e-01
1.563039393986897507e-01 4.702341981788942804e-01 9.512000000000000455e-01 8.299999999999999600e-01
1.384967670328702272e-01 4.542668816597255077e-01 9.584000000000000297e-01 8.429999999999999716e-01
1.581067451991364503e-01 4.887486535287715039e-01 9.445999999999999952e-01 8.439999999999999725e-01
1.555046474953580282e-01 4.671231738281837464e-01 9.516000000000000014e-01 8.259999999999999565e-01
1.944885546592159398e-01 4.756044800802382011e-01 9.305999999999999828e-01 8.369999999999999662e-01
1.841452977811761649e-01 4.677783451066975240e-01 9.327999999999999625e-01 8.439999999999999725e-01
1.780625553977834563e-01 4.849178505283799345e-01 9.377999999999999670e-01 8.289999999999999591e-01
1.554710870175508297e-01 4.540360589538157687e-01 9.485999999999999988e-01 8.409999999999999698e-01
1.667387817704458486e-01 4.578290407893235714e-01 9.449999999999999512e-01 8.419999999999999707e-01
1.773321329694726445e-01 4.885131866358121133e-01 9.327999999999999625e-01 8.409999999999999698e-01
1.613113365884821515e-01 4.577166678389203436e-01 9.502000000000000446e-01 8.499999999999999778e-01
1.843462266759507417e-01 5.118525998887848427e-01 9.324000000000000066e-01 8.359999999999999654e-01
1.549243134821920165e-01 4.782532587835199855e-01 9.447999999999999732e-01 8.389999999999999680e-01
1.412844071811121538e-01 4.591434980200106986e-01 9.534000000000000252e-01 8.479999999999999760e-01
1.399856443164891884e-01 4.409322691389704896e-01 9.577999999999999847e-01 8.489999999999999769e-01
1.488111865253682609e-01 4.618825234875313379e-01 9.546000000000000041e-01 8.369999999999999662e-01
1.554419141503930735e-01 5.041834406773876287e-01 9.462000000000000410e-01 8.439999999999999725e-01
1.360557111775222427e-01 4.398636971199668122e-01 9.569999999999999618e-01 8.459999999999999742e-01
1.526015928703640945e-01 4.458059547445094584e-01 9.477999999999999758e-01 8.519999999999999796e-01
2.043180235275438572e-01 5.559840620247951115e-01 9.183999999999999941e-01 8.219999999999999529e-01
1.841944553897700287e-01 5.071908692660285212e-01 9.335999999999999854e-01 8.409999999999999698e-01
1.705266120989577805e-01 4.980095705424077424e-01 9.375999999999999890e-01 8.299999999999999600e-01
1.785571645145229980e-01 4.968239509525854136e-01 9.314000000000000057e-01 8.299999999999999600e-01
1.750129142845087693e-01 4.837579964237875840e-01 9.389999999999999458e-01 8.389999999999999680e-01
2.270869145256751709e-01 5.587613622498313060e-01 9.115999999999999659e-01 8.139999999999999458e-01
2.631994442989463723e-01 5.781930579356551192e-01 9.053999999999999826e-01 8.149999999999999467e-01
1.808581795263613234e-01 4.775042238925559235e-01 9.337999999999999634e-01 8.389999999999999680e-01
1.668244305007973716e-01 4.756612148905982052e-01 9.394000000000000128e-01 8.439999999999999725e-01
1.718636976792543569e-01 5.083075389721469772e-01 9.370000000000000551e-01 8.419999999999999707e-01
1.556104342564441079e-01 4.652200846897793785e-01 9.427999999999999714e-01 8.429999999999999716e-01
1.428529182131875186e-01 4.492295551473531323e-01 9.517999999999999794e-01 8.449999999999999734e-01
1.683997063595515931e-01 5.078888004410785362e-01 9.357999999999999652e-01 8.389999999999999680e-01
1.384770243133437717e-01 4.648017768995171273e-01 9.529999999999999583e-01 8.489999999999999769e-01
1.428080908545758532e-01 4.469925820755678569e-01 9.497999999999999776e-01 8.379999999999999671e-01
1.499823983301523111e-01 4.375952113899889140e-01 9.519999999999999574e-01 8.479999999999999760e-01
1.406771279855993650e-01 4.396047806340571684e-01 9.552000000000000490e-01 8.379999999999999671e-01
1.276888925886177362e-01 4.344280018287272616e-01 9.641999999999999460e-01 8.489999999999999769e-01
1.643152147609060754e-01 4.957139242971645987e-01 9.427999999999999714e-01 8.379999999999999671e-01
1.390548293502779365e-01 4.565611508691590492e-01 9.534000000000000252e-01 8.409999999999999698e-01
1.458687677898206914e-01 4.728310930018765901e-01 9.495999999999999996e-01 8.409999999999999698e-01
1.763135909178093763e-01 5.012526421120170328e-01 9.330000000000000515e-01 8.329999999999999627e-01
1.625227956203593449e-01 4.629802397150246107e-01 9.434000000000000163e-01 8.429999999999999716e-01
1.520266484196829415e-01 4.944257472361164307e-01 9.459999999999999520e-01 8.339999999999999636e-01
2.251165554608549890e-01 5.597878770728940134e-01 9.033999999999999808e-01 8.070000000000000506e-01
1.544139130027908091e-01 4.717255020506807006e-01 9.479999999999999538e-01 8.389999999999999680e-01
1.770786851984018639e-01 4.754261071461227117e-01 9.412000000000000366e-01 8.339999999999999636e-01
1.481262251227916660e-01 4.590223957301139412e-01 9.475999999999999979e-01 8.469999999999999751e-01
1.740610949794858808e-01 5.060784800056612465e-01 9.350000000000000533e-01 8.389999999999999680e-01
1.562526853039904740e-01 4.586309828943219702e-01 9.435999999999999943e-01 8.369999999999999662e-01
1.405338727766648477e-01 4.479734747936922612e-01 9.569999999999999618e-01 8.459999999999999742e-01
1.499008002268431838e-01 4.993101040122269185e-01 9.487999999999999767e-01 8.409999999999999698e-01
1.671544564655498277e-01 5.363723850814171579e-01 9.385999999999999899e-01 8.369999999999999662e-01
1.764744925170205203e-01 5.169832596807028002e-01 9.292000000000000259e-01 8.379999999999999671e-01
2.184096909619344939e-01 5.705609637885531438e-01 9.157999999999999474e-01 8.209999999999999520e-01
1.495670753408986642e-01 4.479111469914728305e-01 9.516000000000000014e-01 8.469999999999999751e-01
1.370897495860774473e-01 4.566916182531039481e-01 9.559999999999999609e-01 8.419999999999999707e-01
1.360910124726694981e-01 4.598014250086548405e-01 9.566000000000000059e-01 8.399999999999999689e-01
1.389731805995404468e-01 4.272561683093075158e-01 9.579999999999999627e-01 8.489999999999999769e-01
1.849378114311061028e-01 4.749839961973939539e-01 9.332000000000000295e-01 8.389999999999999680e-01
1.418071992121446301e-01 4.643511921051737268e-01 9.572000000000000508e-01 8.419999999999999707e-01
1.570377487344638279e-01 4.864673779916239282e-01 9.429999999999999494e-01 8.309999999999999609e-01
1.404659753337956785e-01 4.617940889427361584e-01 9.537999999999999812e-01 8.449999999999999734e-01
1.392030952746817207e-01 4.600461856620262635e-01 9.554000000000000270e-01 8.459999999999999742e-01
1.333938261669471992e-01 4.605195644306230851e-01 9.557999999999999829e-01 8.519999999999999796e-01
1.372475421968979981e-01 4.732611795616005756e-01 9.554000000000000270e-01 8.419999999999999707e-01
1.323150505164612245e-01 4.630379822527410094e-01 9.549999999999999600e-01 8.439999999999999725e-01
1.803005865473477076e-01 5.131722951997234050e-01 9.332000000000000295e-01 8.409999999999999698e-01
1.602255116318027917e-01 5.153588878844682641e-01 9.442000000000000393e-01 8.349999999999999645e-01
1.270790314613561567e-01 4.637213557750743398e-01 9.602000000000000535e-01 8.479999999999999760e-01
1.674198084403872022e-01 5.083959215623329309e-01 9.357999999999999652e-01 8.379999999999999671e-01
1.303534334581906151e-01 4.772780051921552968e-01 9.554000000000000270e-01 8.489999999999999769e-01
1.629250897311187718e-01 5.257835876617109605e-01 9.422000000000000375e-01 8.289999999999999591e-01
1.668733362459715597e-01 5.048829737535868167e-01 9.345999999999999863e-01 8.369999999999999662e-01
1.867918499277299582e-01 5.448002828568421219e-01 9.252000000000000224e-01 8.329999999999999627e-01
1.876795532008652678e-01 4.978914471485475501e-01 9.322000000000000286e-01 8.289999999999999591e-01
1.314651748022814537e-01 4.623441103185025880e-01 9.587999999999999856e-01 8.509999999999999787e-01
1.380047171589744159e-01 4.499339268437371198e-01 9.562000000000000499e-01 8.449999999999999734e-01
1.681627964500612138e-01 4.808614567435284815e-01 9.424000000000000155e-01 8.339999999999999636e-01
1.493049082074852929e-01 4.819796734442642339e-01 9.475999999999999979e-01 8.419999999999999707e-01
1.494890016279819545e-01 4.829280298847173913e-01 9.444000000000000172e-01 8.309999999999999609e-01
1.602228305425408006e-01 4.769080866180139266e-01 9.414000000000000146e-01 8.479999999999999760e-01
1.672424195537539626e-01 5.162650639581992662e-01 9.352000000000000313e-01 8.359999999999999654e-01
1.476053812287371481e-01 5.041006012550219850e-01 9.497999999999999776e-01 8.389999999999999680e-01
1.331909316028728474e-01 4.668227518188859393e-01 9.576000000000000068e-01 8.429999999999999716e-01
1.542909144111595243e-01 4.667838194850437716e-01 9.492000000000000437e-01 8.479999999999999760e-01
1.924448692458911314e-01 5.345673615748001151e-01 9.260000000000000453e-01 8.289999999999999591e-01
1.321028295761939586e-01 4.962759766089023805e-01 9.549999999999999600e-01 8.379999999999999671e-01
1.934926310890681400e-01 4.930938150721647650e-01 9.294000000000000039e-01 8.329999999999999627e-01
1.263002363127166405e-01 4.576282383879062277e-01 9.609999999999999654e-01 8.449999999999999734e-01
1.822241586605918562e-01 5.510340781027236456e-01 9.302000000000000268e-01 8.369999999999999662e-01
1.247757271378308330e-01 4.407320834326690084e-01 9.599999999999999645e-01 8.419999999999999707e-01
1.318532163125435419e-01 4.624727782480705374e-01 9.586000000000000076e-01 8.449999999999999734e-01
1.311233892777274312e-01 4.475977548472456213e-01 9.602000000000000535e-01 8.559999999999999831e-01
1.715471760149301639e-01 4.739732591124614092e-01 9.365999999999999881e-01 8.339999999999999636e-01
1.474234234375977892e-01 4.855021645570583577e-01 9.497999999999999776e-01 8.399999999999999689e-01
1.474814708300118682e-01 4.930104789552172129e-01 9.494000000000000217e-01 8.409999999999999698e-01
1.534526642104457883e-01 4.869790955205948735e-01 9.485999999999999988e-01 8.249999999999999556e-01
1.980964779649999064e-01 5.103845889420722814e-01 9.245999999999999774e-01 8.389999999999999680e-01
1.275057004410700967e-01 4.735740388114138555e-01 9.564000000000000279e-01 8.449999999999999734e-01
1.650248742266480217e-01 5.067962159733584437e-01 9.384000000000000119e-01 8.379999999999999671e-01
1.685445695840120106e-01 4.967133662409041195e-01 9.337999999999999634e-01 8.379999999999999671e-01
1.580799480998683615e-01 4.582692270384689515e-01 9.434000000000000163e-01 8.429999999999999716e-01
1.631759287359320354e-01 4.936462038910970906e-01 9.394000000000000128e-01 8.399999999999999689e-01
1.405059081877373384e-01 4.766589304399468374e-01 9.499999999999999556e-01 8.369999999999999662e-01
1.499521820400027960e-01 5.055679783269242389e-01 9.425999999999999934e-01 8.349999999999999645e-01
1.404835861120604934e-01 4.506864139442751660e-01 9.526000000000000023e-01 8.399999999999999689e-01
1.467693574528104727e-01 4.683673932843731569e-01 9.537999999999999812e-01 8.469999999999999751e-01
1.249632107923041024e-01 4.606094606594436924e-01 9.586000000000000076e-01 8.529999999999999805e-01
1.655064217170925944e-01 5.159274585553378367e-01 9.360000000000000542e-01 8.279999999999999583e-01
1.321010695450523242e-01 4.686091955597460612e-01 9.544000000000000261e-01 8.469999999999999751e-01
1.512509992973840312e-01 4.875505294871092521e-01 9.485999999999999988e-01 8.479999999999999760e-01
1.444994438249373181e-01 4.858212301851760895e-01 9.495999999999999996e-01 8.369999999999999662e-01
1.384170895683279889e-01 4.799832838549795144e-01 9.506000000000000005e-01 8.449999999999999734e-01
1.549629231121036343e-01 5.234294955144821460e-01 9.444000000000000172e-01 8.259999999999999565e-01
1.440700615605637336e-01 4.765035988903503217e-01 9.445999999999999952e-01 8.489999999999999769e-01
1.338140952724755639e-01 4.841448572537379036e-01 9.534000000000000252e-01 8.419999999999999707e-01
1.594703137495433465e-01 4.928909132991675657e-01 9.384000000000000119e-01 8.439999999999999725e-01
1.360423813934015791e-01 4.835966283512940778e-01 9.517999999999999794e-01 8.429999999999999716e-01
1.269515105848369463e-01 4.799675191556921350e-01 9.609999999999999654e-01 8.469999999999999751e-01
1.551115969684060403e-01 4.910505501215445823e-01 9.472000000000000419e-01 8.399999999999999689e-01
1.361926970768868039e-01 4.692068585534783232e-01 9.556000000000000050e-01 8.459999999999999742e-01
1.435743014904123926e-01 4.477426453824295272e-01 9.542000000000000481e-01 8.399999999999999689e-01
1.516924249984889228e-01 4.701397958776725727e-01 9.504000000000000226e-01 8.429999999999999716e-01
1.448441805563388807e-01 4.524422454430784835e-01 9.477999999999999758e-01 8.489999999999999769e-01
1.383600594009281037e-01 4.686408652382735851e-01 9.556000000000000050e-01 8.409999999999999698e-01
1.387717328799362992e-01 4.700453169099770845e-01 9.542000000000000481e-01 8.409999999999999698e-01
1.504986885401294328e-01 5.035692741085705526e-01 9.459999999999999520e-01 8.369999999999999662e-01
1.436275941749593221e-01 4.945288081503876887e-01 9.509999999999999565e-01 8.339999999999999636e-01
2.093539236559254224e-01 5.673204015338358941e-01 9.213999999999999968e-01 8.179999999999999494e-01
1.348113181214583289e-01 4.532554771324562304e-01 9.577999999999999847e-01 8.479999999999999760e-01
1.437314472646989971e-01 4.842008669672620558e-01 9.494000000000000217e-01 8.459999999999999742e-01
1.577700510155991553e-01 4.964350582724039729e-01 9.389999999999999458e-01 8.419999999999999707e-01
1.226174495526294039e-01 4.537198684402802829e-01 9.614000000000000323e-01 8.449999999999999734e-01
1.443004502856076454e-01 4.944208367197931997e-01 9.489999999999999547e-01 8.389999999999999680e-01
1.702127505519538675e-01 5.380577501557208819e-01 9.332000000000000295e-01 8.299999999999999600e-01
1.407185458471674200e-01 4.946091690678541819e-01 9.492000000000000437e-01 8.329999999999999627e-01
1.221419480672021746e-01 4.564672643252597473e-01 9.647999999999999909e-01 8.449999999999999734e-01
1.554715035724847372e-01 4.955631005643819087e-01 9.395999999999999908e-01 8.359999999999999654e-01
1.317432909504114291e-01 4.799759611469057718e-01 9.564000000000000279e-01 8.459999999999999742e-01
1.760803872678588511e-01 5.277051467421562947e-01 9.344000000000000083e-01 8.309999999999999609e-01
1.233381486713908820e-01 4.556272835644868402e-01 9.614000000000000323e-01 8.489999999999999769e-01
1.574525246685981039e-01 4.989736580239895192e-01 9.437999999999999723e-01 8.389999999999999680e-01
1.336972732963526145e-01 4.579033245959048815e-01 9.569999999999999618e-01 8.399999999999999689e-01
1.273685187410693309e-01 4.442228512174776767e-01 9.602000000000000535e-01 8.619999999999999885e-01
1.358849660025194250e-01 4.932286591541232834e-01 9.527999999999999803e-01 8.409999999999999698e-01
1.506888932254129565e-01 5.125796184649734633e-01 9.432000000000000384e-01 8.429999999999999716e-01
1.189499089011294003e-01 4.772837233642916455e-01 9.616000000000000103e-01 8.489999999999999769e-01
1.233512922385721633e-01 4.670794988962123084e-01 9.576000000000000068e-01 8.519999999999999796e-01
1.309443569697315013e-01 4.720736031345383887e-01 9.534000000000000252e-01 8.379999999999999671e-01
1.320401218161822154e-01 4.843284216276121934e-01 9.489999999999999547e-01 8.439999999999999725e-01
1.252756193384519101e-01 4.664296724409245920e-01 9.567999999999999838e-01 8.519999999999999796e-01
1.721780963927674601e-01 5.224348483625412820e-01 9.297999999999999599e-01 8.269999999999999574e-01
1.327098577365837806e-01 4.877288812734112966e-01 9.546000000000000041e-01 8.459999999999999742e-01
1.529049358434267369e-01 4.862466171151249017e-01 9.459999999999999520e-01 8.349999999999999645e-01
1.318326700818313046e-01 4.548927940026268324e-01 9.556000000000000050e-01 8.479999999999999760e-01
1.764172095370631910e-01 5.401232036644589840e-01 9.352000000000000313e-01 8.239999999999999547e-01
1.212727484143782536e-01 4.602262239993258341e-01 9.584000000000000297e-01 8.479999999999999760e-01
1.321337981471969181e-01 4.766937310843977760e-01 9.562000000000000499e-01 8.499999999999999778e-01
1.266656601318659203e-01 4.801409293048281568e-01 9.567999999999999838e-01 8.449999999999999734e-01
1.440007530654701107e-01 4.707700887362307185e-01 9.492000000000000437e-01 8.429999999999999716e-01
1.383179765068112410e-01 5.201471657263830872e-01 9.492000000000000437e-01 8.379999999999999671e-01
1.362253957510468905e-01 4.587542696813802778e-01 9.566000000000000059e-01 8.429999999999999716e-01
1.342116382232327876e-01 4.883725083591345939e-01 9.534000000000000252e-01 8.409999999999999698e-01
1.216779555791513007e-01 4.651416684972569660e-01 9.647999999999999909e-01 8.489999999999999769e-01
1.322890585734015634e-01 4.668671064609353771e-01 9.549999999999999600e-01 8.409999999999999698e-01
1.456680794487522634e-01 5.010961363410639802e-01 9.487999999999999767e-01 8.299999999999999600e-01
1.408921117993952310e-01 5.212433345753294534e-01 9.499999999999999556e-01 8.399999999999999689e-01
1.242482336694860079e-01 4.592558939570218213e-01 9.596000000000000085e-01 8.399999999999999689e-01
1.445146682855218134e-01 4.766449431947215598e-01 9.475999999999999979e-01 8.339999999999999636e-01
1.316170395909896373e-01 4.795358506308849966e-01 9.549999999999999600e-01 8.389999999999999680e-01
1.606283833217046209e-01 4.741605139569557426e-01 9.484000000000000208e-01 8.359999999999999654e-01
1.373112563493308347e-01 4.956020535204896937e-01 9.516000000000000014e-01 8.469999999999999751e-01
1.403277929347891972e-01 4.890358179746239209e-01 9.546000000000000041e-01 8.289999999999999591e-01
1.330720069593442634e-01 4.608275531629200117e-01 9.552000000000000490e-01 8.389999999999999680e-01
1.310497475634418707e-01 4.624930953231149444e-01 9.559999999999999609e-01 8.489999999999999769e-01
1.865304489906113861e-01 5.375314361259434515e-01 9.255999999999999783e-01 8.229999999999999538e-01
1.274772315380532928e-01 4.820368129165335525e-01 9.547999999999999821e-01 8.499999999999999778e-01
1.261918332552117994e-01 4.723580715791896312e-01 9.597999999999999865e-01 8.379999999999999671e-01
1.628622829049896359e-01 5.402780508969077244e-01 9.412000000000000366e-01 8.379999999999999671e-01
1.345487598188624678e-01 4.627618134811060657e-01 9.586000000000000076e-01 8.399999999999999689e-01
1.211209255968394294e-01 4.830264039429889578e-01 9.612000000000000544e-01 8.389999999999999680e-01
