2.267978689486913169e+00 2.270598736501020731e+00 2.351999999999999924e-01 2.349999999999999867e-01
1.354026342954863349e+00 1.366332536666768238e+00 4.726000000000000201e-01 4.610000000000000209e-01
9.200611939312569598e-01 9.121535856700507816e-01 6.542000000000000037e-01 6.550000000000000266e-01
7.363534714199208020e-01 7.601871808744361525e-01 7.214000000000000412e-01 7.239999999999999769e-01
6.519849287209391608e-01 7.092963886930685469e-01 7.506000000000000449e-01 7.119999999999999662e-01
5.853311075398606178e-01 6.336065768336391901e-01 8.015999999999999792e-01 7.810000000000000275e-01
5.481288610319817733e-01 6.055715005459396671e-01 8.085999999999999854e-01 7.810000000000000275e-01
5.375004725824936713e-01 6.048245327881227595e-01 7.987999999999999545e-01 7.850000000000000311e-01
4.914204746373631028e-01 5.696715992967427145e-01 8.212000000000000410e-01 7.940000000000000391e-01
4.582101813986615424e-01 5.294927904283849296e-01 8.352000000000000535e-01 8.010000000000000453e-01
4.552580859917157996e-01 5.395565634229837482e-01 8.322000000000000508e-01 8.010000000000000453e-01
4.556392237010776780e-01 5.404674522642983758e-01 8.369999999999999662e-01 7.980000000000000426e-01
4.238595209383576035e-01 5.292646935951244025e-01 8.434000000000000385e-01 8.000000000000000444e-01
4.256512864642000848e-01 5.428083347623453569e-01 8.386000000000000121e-01 7.940000000000000391e-01
4.085956932166489586e-01 5.117372804895696792e-01 8.524000000000000465e-01 8.120000000000000551e-01
3.737695833476580298e-01 4.818041603890335089e-01 8.639999999999999902e-01 8.199999999999999512e-01
3.737963726365576833e-01 4.781945934062638570e-01 8.678000000000000158e-01 8.209999999999999520e-01
3.763507070000889909e-01 5.072302426243842088e-01 8.638000000000000123e-01 8.239999999999999547e-01
3.804011501427116970e-01 5.035922273594837240e-01 8.508000000000000007e-01 8.110000000000000542e-01
3.436031513566011331e-01 4.837023297497939911e-01 8.741999999999999771e-01 8.149999999999999467e-01
3.776968084899789413e-01 5.187067994419480854e-01 8.576000000000000290e-01 8.110000000000000542e-01
3.370158837370755278e-01 4.717313894634207472e-01 8.768000000000000238e-01 8.299999999999999600e-01
3.376866439067359171e-01 4.782030832469925108e-01 8.713999999999999524e-01 8.219999999999999529e-01
3.140538129739244844e-01 4.561763468821806167e-01 8.818000000000000282e-01 8.349999999999999645e-01
3.115745645719008028e-01 4.527722862739009257e-01 8.870000000000000107e-01 8.299999999999999600e-01
3.025731795839007865e-01 4.542572316102047036e-01 8.913999999999999702e-01 8.339999999999999636e-01
3.545628407775789914e-01 5.153585435577385798e-01 8.636000000000000343e-01 8.139999999999999458e-01
3.104651607599649421e-01 4.702377283492838456e-01 8.841999999999999860e-01 8.299999999999999600e-01
3.077463236964619875e-01 4.907340585643810149e-01 8.908000000000000362e-01 8.239999999999999547e-01
2.990817725633570512e-01 4.627853841605819030e-01 8.871999999999999886e-01 8.349999999999999645e-01
2.993818387955939908e-01 4.584193382388701554e-01 8.883999999999999675e-01 8.379999999999999671e-01
2.717909638152679053e-01 4.545940566305624597e-01 8.985999999999999543e-01 8.339999999999999636e-01
2.927171819354616455e-01 4.788635960106065736e-01 8.880000000000000115e-01 8.229999999999999538e-01
2.700802203076235197e-01 4.464207480696720798e-01 8.988000000000000433e-01 8.399999999999999689e-01
2.475999908889765788e-01 4.444663964269480183e-01 9.103999999999999870e-01 8.419999999999999707e-01
2.783164101516075739e-01 4.433677589676570663e-01 9.000000000000000222e-01 8.309999999999999609e-01
2.700948234545902937e-01 4.746714615478652144e-01 9.003999999999999782e-01 8.359999999999999654e-01
2.486996232559423314e-01 4.336325785425210189e-01 9.080000000000000293e-01 8.419999999999999707e-01
2.488730031462870473e-01 4.461563652658371848e-01 9.095999999999999641e-01 8.409999999999999698e-01
2.498653401948055519e-01 4.433230975023390030e-01 9.033999999999999808e-01 8.369999999999999662e-01
2.542010981071056719e-01 4.661985426292899470e-01 9.045999999999999597e-01 8.269999999999999574e-01
2.332238277516403280e-01 4.242775538485030751e-01 9.183999999999999941e-01 8.399999999999999689e-01
2.612439520231242263e-01 4.673342699191523897e-01 8.933999999999999719e-01 8.319999999999999618e-01
2.507645380111998556e-01 4.629652682242149098e-01 9.062000000000000055e-01 8.279999999999999583e-01
2.502085039234915320e-01 4.824117051418898017e-01 8.990000000000000213e-01 8.239999999999999547e-01
2.245537556252134859e-01 4.356516583421153888e-01 9.195999999999999730e-01 8.439999999999999725e-01
2.355458013048599142e-01 4.523212894568381937e-01 9.098000000000000531e-01 8.349999999999999645e-01
2.179433978279370354e-01 4.598929220888941516e-01 9.220000000000000417e-01 8.369999999999999662e-01
2.839997408469405737e-01 5.414747336755624252e-01 8.901999999999999913e-01 8.179999999999999494e-01
2.352909682107231781e-01 4.818866726635819830e-01 9.113999999999999879e-01 8.219999999999999529e-01
2.039585119357949228e-01 4.443736026964519303e-01 9.290000000000000480e-01 8.339999999999999636e-01
2.613772279277712940e-01 4.904651679983229595e-01 8.913999999999999702e-01 8.239999999999999547e-01
2.101912794973271603e-01 4.621542900437773382e-01 9.242000000000000215e-01 8.389999999999999680e-01
2.031365372590518137e-01 4.422838784479626861e-01 9.265999999999999792e-01 8.409999999999999698e-01
2.349600503984074218e-01 4.971710606563921608e-01 9.065999999999999615e-01 8.319999999999999618e-01
1.896381708419855594e-01 4.415110712629459755e-01 9.312000000000000277e-01 8.449999999999999734e-01
2.029893735380401965e-01 4.382355338862767846e-01 9.265999999999999792e-01 8.469999999999999751e-01
1.963609369742228272e-01 4.282048638194023704e-01 9.304000000000000048e-01 8.439999999999999725e-01
2.298290147279455631e-01 4.742755422097050255e-01 9.062000000000000055e-01 8.269999999999999574e-01
1.868437158247532315e-01 4.437408418781471076e-01 9.322000000000000286e-01 8.419999999999999707e-01
2.377327079613445748e-01 4.902299212452064792e-01 9.040000000000000258e-01 8.239999999999999547e-01
1.988399540462783555e-01 4.688031960875662096e-01 9.280000000000000471e-01 8.369999999999999662e-01
2.291091124026946035e-01 4.952793144727647978e-01 9.123999999999999888e-01 8.149999999999999467e-01
1.768088921014658033e-01 4.595905629778711532e-01 9.354000000000000092e-01 8.439999999999999725e-01
1.784910666398335510e-01 4.485635215115255647e-01 9.370000000000000551e-01 8.479999999999999760e-01
1.883156853091249028e-01 4.607651956296493490e-01 9.342000000000000304e-01 8.369999999999999662e-01
1.939984159215243364e-01 4.781128004839404477e-01 9.274000000000000021e-01 8.389999999999999680e-01
1.755284422076199558e-01 4.533576501147167925e-01 9.364000000000000101e-01 8.419999999999999707e-01
2.163277648846642365e-01 5.177421839705621531e-01 9.152000000000000135e-01 8.339999999999999636e-01
1.677792104113404459e-01 4.615784743603305040e-01 9.395999999999999908e-01 8.469999999999999751e-01
1.804817865722954384e-01 4.745706461057818126e-01 9.337999999999999634e-01 8.369999999999999662e-01
1.971418262385094267e-01 4.899508244541551094e-01 9.245999999999999774e-01 8.429999999999999716e-01
1.659807903998725964e-01 4.765510175567149176e-01 9.372000000000000330e-01 8.359999999999999654e-01
1.585636344798024289e-01 4.598630485303407123e-01 9.435999999999999943e-01 8.419999999999999707e-01
1.727088424964693392e-01 4.714950841214357036e-01 9.377999999999999670e-01 8.399999999999999689e-01
1.651863656830804272e-01 4.571966694477018756e-01 9.417999999999999705e-01 8.469999999999999751e-01
1.559023342770789466e-01 4.539142178768835190e-01 9.415999999999999925e-01 8.409999999999999698e-01
1.980744275066867177e-01 5.007622697656238797e-01 9.243999999999999995e-01 8.319999999999999618e-01
2.188684939582121736e-01 5.393946314096310646e-01 9.143999999999999906e-01 8.090000000000000524e-01
1.531258395899053326e-01 4.856284487750029411e-01 9.454000000000000181e-01 8.509999999999999787e-01
1.974207129348276579e-01 5.281397443026023542e-01 9.270000000000000462e-01 8.309999999999999609e-01
1.481616141537931419e-01 4.361033327922519964e-01 9.497999999999999776e-01 8.499999999999999778e-01
1.493170837820448071e-01 4.692586237224067869e-01 9.492000000000000437e-01 8.409999999999999698e-01
1.524118416384833419e-01 4.704024899534971493e-01 9.454000000000000181e-01 8.419999999999999707e-01
1.488564397175942411e-01 4.603247555893427712e-01 9.492000000000000437e-01 8.509999999999999787e-01
1.567084045432316497e-01 4.716933065820990145e-01 9.425999999999999934e-01 8.449999999999999734e-01
1.582056774238309593e-01 4.601423385485483020e-01 9.399999999999999467e-01 8.429999999999999716e-01
1.685587319812785201e-01 5.029446077342722976e-01 9.370000000000000551e-01 8.369999999999999662e-01
1.478045056526643974e-01 4.644801160137716489e-01 9.454000000000000181e-01 8.529999999999999805e-01
1.406485225473468048e-01 4.507886831829902019e-01 9.524000000000000243e-01 8.399999999999999689e-01
1.722327240754144562e-01 5.288604357302700842e-01 9.337999999999999634e-01 8.369999999999999662e-01
1.307942449111555161e-01 4.768603522840786368e-01 9.559999999999999609e-01 8.419999999999999707e-01
1.282005350326069770e-01 4.765147807501760036e-01 9.569999999999999618e-01 8.459999999999999742e-01
1.453384152170451860e-01 4.745536738459266157e-01 9.495999999999999996e-01 8.449999999999999734e-01
1.337384715453222295e-01 4.632812106732645541e-01 9.526000000000000023e-01 8.479999999999999760e-01
1.419808012153470356e-01 5.042802768223975107e-01 9.506000000000000005e-01 8.369999999999999662e-01
1.460943130932086109e-01 4.891656561491509181e-01 9.499999999999999556e-01 8.429999999999999716e-01
1.337534484617113884e-01 5.142224296416232354e-01 9.532000000000000473e-01 8.349999999999999645e-01
1.332432149509799602e-01 5.069641935647134501e-01 9.512000000000000455e-01 8.369999999999999662e-01
1.693640957218333354e-01 5.234449375635874535e-01 9.365999999999999881e-01 8.289999999999999591e-01
1.380303845846015953e-01 4.698642993950412627e-01 9.512000000000000455e-01 8.449999999999999734e-01
1.185815849100313180e-01 4.695776661019013809e-01 9.602000000000000535e-01 8.439999999999999725e-01
1.398692231025275290e-01 4.942732042915766733e-01 9.465999999999999970e-01 8.419999999999999707e-01
1.183981119559301964e-01 4.537412072917114680e-01 9.647999999999999909e-01 8.509999999999999787e-01
1.228174320310976286e-01 4.681108636970995329e-01 9.567999999999999838e-01 8.519999999999999796e-01
1.179840814580213892e-01 4.604923072864721134e-01 9.609999999999999654e-01 8.449999999999999734e-01
1.249298330702746651e-01 5.056282270442321591e-01 9.542000000000000481e-01 8.399999999999999689e-01
1.193845049807205211e-01 4.795962644802728159e-01 9.612000000000000544e-01 8.409999999999999698e-01
1.152944255953407687e-01 4.635769270818272947e-01 9.636000000000000121e-01 8.409999999999999698e-01
1.103938941936336293e-01 4.766224740678778327e-01 9.661999999999999478e-01 8.519999999999999796e-01
1.647338422315963447e-01 5.492161619784461379e-01 9.395999999999999908e-01 8.439999999999999725e-01
1.153212552793365792e-01 4.619925548768901713e-01 9.622000000000000552e-01 8.439999999999999725e-01
1.234471025971029534e-01 5.049191615933504851e-01 9.569999999999999618e-01 8.419999999999999707e-01
1.185869606418626931e-01 4.527795530495826726e-01 9.594000000000000306e-01 8.399999999999999689e-01
1.340371531256599746e-01 5.146374252905006053e-01 9.487999999999999767e-01 8.409999999999999698e-01
1.098974529250216353e-01 4.766376318314072824e-01 9.629999999999999671e-01 8.459999999999999742e-01
1.079531541115809484e-01 4.621365240368713878e-01 9.619999999999999662e-01 8.559999999999999831e-01
1.152140218570229246e-01 4.862981500966881421e-01 9.641999999999999460e-01 8.389999999999999680e-01
1.217122467518609030e-01 5.258603856274314259e-01 9.612000000000000544e-01 8.419999999999999707e-01
1.334977534332289495e-01 5.358233502735452181e-01 9.485999999999999988e-01 8.439999999999999725e-01
1.229041435623592915e-01 5.326594897038859910e-01 9.559999999999999609e-01 8.349999999999999645e-01
1.010726617491859713e-01 4.794902918936718161e-01 9.674000000000000377e-01 8.469999999999999751e-01
1.027386929108333041e-01 5.094182307257767439e-01 9.634000000000000341e-01 8.369999999999999662e-01
1.017194236519607248e-01 4.990645629432013397e-01 9.649999999999999689e-01 8.559999999999999831e-01
1.090397561806394355e-01 5.156034113444474265e-01 9.639999999999999680e-01 8.389999999999999680e-01
1.042547220248220829e-01 4.556671496321655357e-01 9.697999999999999954e-01 8.479999999999999760e-01
1.173791414077407641e-01 5.282904814150226613e-01 9.614000000000000323e-01 8.379999999999999671e-01
1.176687475572001373e-01 4.901920709069869653e-01 9.599999999999999645e-01 8.369999999999999662e-01
1.414509019996170458e-01 5.615024869012292807e-01 9.467999999999999750e-01 8.319999999999999618e-01
9.303236403572334723e-02 4.979555542623683717e-01 9.704000000000000403e-01 8.519999999999999796e-01
9.701989329060588252e-02 5.176745528905362104e-01 9.651999999999999469e-01 8.519999999999999796e-01
1.186231631892908783e-01 4.766793938371293171e-01 9.637999999999999901e-01 8.359999999999999654e-01
1.239590561553509801e-01 5.242655978883717927e-01 9.572000000000000508e-01 8.379999999999999671e-01
1.545137539716136543e-01 6.073470089487393864e-01 9.374000000000000110e-01 8.329999999999999627e-01
1.157409148217795058e-01 5.188324706868472358e-01 9.569999999999999618e-01 8.369999999999999662e-01
1.311152777381785484e-01 5.353823201922770503e-01 9.485999999999999988e-01 8.369999999999999662e-01
1.228156679699843878e-01 5.528453846120316983e-01 9.522000000000000464e-01 8.429999999999999716e-01
9.809184112879351658e-02 4.944322638857331365e-01 9.657999999999999918e-01 8.479999999999999760e-01
1.443554405133728458e-01 5.297511647565101844e-01 9.444000000000000172e-01 8.359999999999999654e-01
1.061672850777135579e-01 4.893338993669296699e-01 9.616000000000000103e-01 8.439999999999999725e-01
1.061637729478375342e-01 5.170067280524794917e-01 9.656000000000000139e-01 8.429999999999999716e-01
1.177564402342200084e-01 5.139741147313746650e-01 9.596000000000000085e-01 8.539999999999999813e-01
1.059294713107098024e-01 4.932393374829441846e-01 9.637999999999999901e-01 8.429999999999999716e-01
9.959459878392457055e-02 4.928193342219553963e-01 9.654000000000000359e-01 8.469999999999999751e-01
1.246240732202545526e-01 4.765095103338506943e-01 9.557999999999999829e-01 8.439999999999999725e-01
8.207524102101808328e-02 4.926368587705687863e-01 9.758000000000000007e-01 8.459999999999999742e-01
1.169163130691495828e-01 5.465932938785388329e-01 9.572000000000000508e-01 8.449999999999999734e-01
1.083650453933035357e-01 5.478412285685945182e-01 9.597999999999999865e-01 8.399999999999999689e-01
1.006890205360965601e-01 4.466881521074309580e-01 9.687999999999999945e-01 8.489999999999999769e-01
1.053024041670998501e-01 5.135613443276491052e-01 9.651999999999999469e-01 8.449999999999999734e-01
1.126016779016141278e-01 5.448807489838553009e-01 9.579999999999999627e-01 8.349999999999999645e-01
9.447087692579400620e-02 5.013451142350343614e-01 9.677999999999999936e-01 8.349999999999999645e-01
9.877212730343652713e-02 5.134228322070908401e-01 9.636000000000000121e-01 8.409999999999999698e-01
8.469550883511860195e-02 4.881277582962182393e-01 9.741999999999999549e-01 8.409999999999999698e-01
1.055172568138646322e-01 5.105991196296576495e-01 9.659999999999999698e-01 8.409999999999999698e-01
1.061078275084196276e-01 5.174524645773773690e-01 9.667999999999999927e-01 8.389999999999999680e-01
1.162884358756672981e-01 5.514795228659175041e-01 9.572000000000000508e-01 8.359999999999999654e-01
1.063222007992126877e-01 5.275379819836264472e-01 9.637999999999999901e-01 8.409999999999999698e-01
1.081298940891716742e-01 5.282458747773767227e-01 9.649999999999999689e-01 8.399999999999999689e-01
9.683009165144092212e-02 5.094020604362456961e-01 9.691999999999999504e-01 8.419999999999999707e-01
9.349483401727498588e-02 5.021900843237775414e-01 9.689999999999999725e-01 8.469999999999999751e-01
1.056552557171605428e-01 5.053598700887962369e-01 9.634000000000000341e-01 8.479999999999999760e-01
8.947947916796961110e-02 5.273962325594619971e-01 9.706000000000000183e-01 8.499999999999999778e-01
9.823278301176807670e-02 5.379838032284710581e-01 9.661999999999999478e-01 8.479999999999999760e-01
1.318917462657605011e-01 5.599927507916000469e-01 9.512000000000000455e-01 8.309999999999999609e-01
8.475941972923982382e-02 5.036086116900480025e-01 9.714000000000000412e-01 8.489999999999999769e-01
8.751122060034012551e-02 5.136440137158391206e-01 9.691999999999999504e-01 8.459999999999999742e-01
1.165660274756947223e-01 5.354672467220623622e-01 9.549999999999999600e-01 8.379999999999999671e-01
1.097113715906832959e-01 5.485553459740927229e-01 9.616000000000000103e-01 8.409999999999999698e-01
1.119377819629671228e-01 5.148490980265513217e-01 9.636000000000000121e-01 8.429999999999999716e-01
1.183797203930047476e-01 5.394172341228172796e-01 9.562000000000000499e-01 8.409999999999999698e-01
9.044085530759699010e-02 5.086965534493916863e-01 9.689999999999999725e-01 8.479999999999999760e-01
1.184167269864638272e-01 5.753634349705119000e-01 9.552000000000000490e-01 8.419999999999999707e-01
9.828883030343520122e-02 5.031711041939770368e-01 9.636000000000000121e-01 8.389999999999999680e-01
1.065838878372654119e-01 5.509399866894109099e-01 9.631999999999999451e-01 8.469999999999999751e-01
8.738495470278578869e-02 5.306171193877649017e-01 9.706000000000000183e-01 8.469999999999999751e-01
9.516980326605201101e-02 5.305564234670769874e-01 9.674000000000000377e-01 8.369999999999999662e-01
7.623694894895235996e-02 4.780117215674798414e-01 9.798000000000000043e-01 8.419999999999999707e-01
8.579535021930419225e-02 5.613815749839609071e-01 9.696000000000000174e-01 8.419999999999999707e-01
1.317901989314697875e-01 5.962925228338720185e-01 9.512000000000000455e-01 8.349999999999999645e-01
9.927143429737809999e-02 5.128647274601944028e-01 9.629999999999999671e-01 8.589999999999999858e-01
8.867326324413653260e-02 5.129683577267705186e-01 9.701999999999999513e-01 8.469999999999999751e-01
8.828721791754536030e-02 5.158192140594773933e-01 9.701999999999999513e-01 8.349999999999999645e-01
9.497357321700572452e-02 5.375417823576503773e-01 9.686000000000000165e-01 8.419999999999999707e-01
8.235757290487218107e-02 4.949437659419221869e-01 9.769999999999999796e-01 8.499999999999999778e-01
8.998697735370234096e-02 5.461960849306779497e-01 9.676000000000000156e-01 8.469999999999999751e-01
8.157577054213235868e-02 5.202366326795927476e-01 9.724000000000000421e-01 8.439999999999999725e-01
8.802946250735887990e-02 5.451947669493087956e-01 9.701999999999999513e-01 8.499999999999999778e-01
7.496351100023400382e-02 5.019120505523335662e-01 9.756000000000000227e-01 8.519999999999999796e-01
9.517630004977883917e-02 5.829760716404789322e-01 9.676000000000000156e-01 8.359999999999999654e-01
7.699964896536758141e-02 5.059414469467121700e-01 9.759999999999999787e-01 8.519999999999999796e-01
9.192327391539464876e-02 5.554212912747789055e-01 9.699999999999999734e-01 8.489999999999999769e-01
9.992390942898636552e-02 5.302715002592272020e-01 9.647999999999999909e-01 8.369999999999999662e-01
8.669791910094268306e-02 5.444231933997444317e-01 9.706000000000000183e-01 8.409999999999999698e-01
7.057478377357935539e-02 5.131467673212650737e-01 9.796000000000000263e-01 8.529999999999999805e-01
1.071269081067797724e-01 5.490731678506780566e-01 9.619999999999999662e-01 8.319999999999999618e-01
7.046106620481706884e-02 5.325220134338822797e-01 9.759999999999999787e-01 8.509999999999999787e-01
8.210200422053062774e-02 5.465287863929459977e-01 9.759999999999999787e-01 8.489999999999999769e-01
9.686546686590485900e-02 5.673667113516657201e-01 9.676000000000000156e-01 8.319999999999999618e-01
1.067755919555218452e-01 5.838476303507524889e-01 9.594000000000000306e-01 8.329999999999999627e-01
7.515217777078032901e-02 5.086277479333783935e-01 9.798000000000000043e-01 8.489999999999999769e-01
9.328404192749155388e-02 5.615313551180340923e-01 9.669999999999999707e-01 8.409999999999999698e-01
9.309865012736735779e-02 5.427379249089074875e-01 9.687999999999999945e-01 8.509999999999999787e-01
8.591545707943765153e-02 5.204113745280083414e-01 9.736000000000000210e-01 8.469999999999999751e-01
6.203839380043066343e-02 5.300399664727608595e-01 9.836000000000000298e-01 8.479999999999999760e-01
8.238159858388346968e-02 5.142440224514464031e-01 9.737999999999999989e-01 8.499999999999999778e-01
8.675285015626539586e-02 5.561310190160054789e-01 9.684000000000000385e-01 8.319999999999999618e-01
6.904761811849793873e-02 5.348743643369551215e-01 9.786000000000000254e-01 8.439999999999999725e-01
7.314736096229175477e-02 5.425517525513402495e-01 9.769999999999999796e-01 8.469999999999999751e-01
7.329304033437727961e-02 5.365452094537277450e-01 9.764000000000000457e-01 8.469999999999999751e-01
8.733623515986481400e-02 5.784314686756529822e-01 9.704000000000000403e-01 8.489999999999999769e-01
7.477469744395832951e-02 5.705405467864828051e-01 9.764000000000000457e-01 8.409999999999999698e-01
1.199868992687767727e-01 6.286241703209966003e-01 9.549999999999999600e-01 8.279999999999999583e-01
1.108866538688980663e-01 5.685143551505233983e-01 9.546000000000000041e-01 8.299999999999999600e-01
6.260695686017996031e-02 5.347317290378751364e-01 9.796000000000000263e-01 8.429999999999999716e-01
9.329124074907645114e-02 5.444094547274050955e-01 9.681999999999999496e-01 8.449999999999999734e-01
8.042205522405802831e-02 5.361307272282770375e-01 9.759999999999999787e-01 8.419999999999999707e-01
8.949930462186185542e-02 5.553958554281959170e-01 9.674000000000000377e-01 8.429999999999999716e-01
9.234141020856502513e-02 5.676403465117418889e-01 9.667999999999999927e-01 8.379999999999999671e-01
8.739491060160861635e-02 5.573252236597254772e-01 9.694000000000000394e-01 8.439999999999999725e-01
8.790980122159926247e-02 4.873073684723518428e-01 9.751999999999999558e-01 8.529999999999999805e-01
9.867639448920140222e-02 5.416699868253946892e-01 9.644000000000000350e-01 8.349999999999999645e-01
7.863150025706022728e-02 4.990597710733931103e-01 9.747999999999999998e-01 8.469999999999999751e-01
8.337737215045167016e-02 5.271903307020663343e-01 9.749999999999999778e-01 8.429999999999999716e-01
8.790657934016447850e-02 5.801506783961819513e-01 9.706000000000000183e-01 8.419999999999999707e-01
8.263945175764429718e-02 5.134950265513263945e-01 9.724000000000000421e-01 8.499999999999999778e-01
7.365026434098326247e-02 5.173199231713107027e-01 9.769999999999999796e-01 8.369999999999999662e-01
9.261084762223151245e-02 5.187841108045302407e-01 9.671999999999999487e-01 8.459999999999999742e-01
8.529518844642133835e-02 5.050584762206637990e-01 9.729999999999999760e-01 8.489999999999999769e-01
9.202953793812410077e-02 5.657850944988810360e-01 9.674000000000000377e-01 8.419999999999999707e-01
8.129315740745349239e-02 5.862842436564809079e-01 9.701999999999999513e-01 8.399999999999999689e-01
7.244922323478265869e-02 5.290276584878909061e-01 9.761999999999999567e-01 8.479999999999999760e-01
7.778567397900849889e-02 5.460854701856261428e-01 9.724000000000000421e-01 8.579999999999999849e-01
1.047911079394157757e-01 5.402053129327900605e-01 9.622000000000000552e-01 8.299999999999999600e-01
6.567471357868739923e-02 5.229049607692596302e-01 9.814000000000000501e-01 8.469999999999999751e-01
8.884294880134260830e-02 5.599621817898150500e-01 9.711999999999999522e-01 8.519999999999999796e-01
5.311822853543862050e-02 5.385336053902280984e-01 9.871999999999999664e-01 8.449999999999999734e-01
7.869689494230844296e-02 5.691597024323417076e-01 9.746000000000000218e-01 8.489999999999999769e-01
6.092428423499554602e-02 4.954452585363471329e-01 9.834000000000000519e-01 8.419999999999999707e-01
7.665483796110399151e-02 5.404626047691283297e-01 9.768000000000000016e-01 8.419999999999999707e-01
7.419566555013692999e-02 5.565852147316044940e-01 9.758000000000000007e-01 8.469999999999999751e-01
6.932791450664452237e-02 6.119602525126993653e-01 9.768000000000000016e-01 8.439999999999999725e-01
5.636281056297495762e-02 5.075859105744681132e-01 9.861999999999999655e-01 8.579999999999999849e-01
6.256921694076457430e-02 5.513031615840343624e-01 9.816000000000000281e-01 8.459999999999999742e-01
8.505852260111199103e-02 5.454195263246783831e-01 9.691999999999999504e-01 8.459999999999999742e-01
7.303371674051864493e-02 5.626693457305644852e-01 9.768000000000000016e-01 8.459999999999999742e-01
9.375806338241961246e-02 6.263274181773995641e-01 9.681999999999999496e-01 8.429999999999999716e-01
6.358648963165669521e-02 5.528420376123998059e-01 9.778000000000000025e-01 8.489999999999999769e-01
5.927652636559858218e-02 5.016814018954486309e-01 9.818000000000000060e-01 8.519999999999999796e-01
6.704581214255124488e-02 5.332525491294369813e-01 9.804000000000000492e-01 8.509999999999999787e-01
7.560883434918634627e-02 5.344133769140418933e-01 9.754000000000000448e-01 8.519999999999999796e-01
7.513777385645643847e-02 5.662907001415931063e-01 9.737999999999999989e-01 8.359999999999999654e-01
7.723878871265631163e-02 5.251189604823573998e-01 9.764000000000000457e-01 8.519999999999999796e-01
7.671372291958404588e-02 5.754631186706045121e-01 9.731999999999999540e-01 8.429999999999999716e-01
6.926295966004855642e-02 5.332822678739729261e-01 9.786000000000000254e-01 8.489999999999999769e-01
7.608881413761617307e-02 5.245524684636336810e-01 9.778000000000000025e-01 8.459999999999999742e-01
1.356953010491276090e-01 7.084804012025333053e-01 9.464000000000000190e-01 8.359999999999999654e-01
8.071310865600864193e-02 5.689588410616531755e-01 9.707999999999999963e-01 8.419999999999999707e-01
6.429473059049364836e-02 5.611253156645088502e-01 9.788000000000000034e-01 8.439999999999999725e-01
6.559933602537350306e-02 5.272843944797891425e-01 9.816000000000000281e-01 8.449999999999999734e-01
6.914186901706743937e-02 5.064958549364350082e-01 9.809999999999999831e-01 8.559999999999999831e-01
8.480686375016271983e-02 5.569770248578831406e-01 9.699999999999999734e-01 8.379999999999999671e-01
6.365408720601040127e-02 5.456554226437247967e-01 9.838000000000000078e-01 8.479999999999999760e-01
6.310850045719514079e-02 5.383550266059332623e-01 9.801999999999999602e-01 8.479999999999999760e-01
6.161939213195082726e-02 5.218122548160620822e-01 9.811999999999999611e-01 8.439999999999999725e-01
6.360483896149260463e-02 5.403810390469839797e-01 9.809999999999999831e-01 8.439999999999999725e-01
8.582155532594507030e-02 6.398533640667170008e-01 9.671999999999999487e-01 8.449999999999999734e-01
7.862648668098723426e-02 5.226222249192453706e-01 9.764000000000000457e-01 8.399999999999999689e-01
7.286252068673376714e-02 5.274251501549799270e-01 9.774000000000000465e-01 8.509999999999999787e-01
9.260103533341260129e-02 5.749111708882429506e-01 9.644000000000000350e-01 8.399999999999999689e-01
5.405387801330040209e-02 5.422630583977237073e-01 9.868000000000000105e-01 8.559999999999999831e-01
6.871163941276825504e-02 5.389609683957878872e-01 9.801999999999999602e-01 8.459999999999999742e-01
6.759588323988671710e-02 5.865688898201724122e-01 9.769999999999999796e-01 8.529999999999999805e-01
7.455518486924588017e-02 5.393287810830386109e-01 9.758000000000000007e-01 8.439999999999999725e-01
5.914887784523432251e-02 5.657668272016163069e-01 9.801999999999999602e-01 8.549999999999999822e-01
7.808933082429073136e-02 5.616512888212918941e-01 9.729999999999999760e-01 8.489999999999999769e-01
6.832739344768067047e-02 5.917709652701654832e-01 9.761999999999999567e-01 8.439999999999999725e-01
5.791088804926630695e-02 5.671393112356178934e-01 9.824000000000000510e-01 8.459999999999999742e-01
8.253246696929245063e-02 5.659885996634069771e-01 9.709999999999999742e-01 8.359999999999999654e-01
5.435230068260518688e-02 5.541118032447759356e-01 9.859999999999999876e-01 8.399999999999999689e-01
5.205155048377198279e-02 5.614530909896673361e-01 9.841999999999999638e-01 8.509999999999999787e-01
5.684947493481538189e-02 5.687385000892896114e-01 9.811999999999999611e-01 8.509999999999999787e-01
6.891388081518197428e-02 5.731286089518702331e-01 9.788000000000000034e-01 8.469999999999999751e-01
7.474552776627499395e-02 5.843271426773729571e-01 9.751999999999999558e-01 8.489999999999999769e-01
7.344490873691560118e-02 5.322314616741297133e-01 9.771999999999999575e-01 8.449999999999999734e-01
5.425095148596371930e-02 5.781405006221184140e-01 9.818000000000000060e-01 8.559999999999999831e-01
7.703741151220518113e-02 5.275804684084632878e-01 9.756000000000000227e-01 8.419999999999999707e-01
7.093504688552611237e-02 5.911855255593285730e-01 9.769999999999999796e-01 8.439999999999999725e-01
5.967297490086974354e-02 5.304439458724139467e-01 9.831999999999999629e-01 8.459999999999999742e-01
5.305292012690547565e-02 5.326207157708302553e-01 9.849999999999999867e-01 8.489999999999999769e-01
6.642251405902997730e-02 5.987824290873530186e-01 9.768000000000000016e-01 8.469999999999999751e-01
5.635742691538946775e-02 5.773655661732816080e-01 9.848000000000000087e-01 8.439999999999999725e-01
9.414174299809452418e-02 6.031490138350208419e-01 9.669999999999999707e-01 8.329999999999999627e-01
7.837080681306905772e-02 5.355270198795227810e-01 9.747999999999999998e-01 8.459999999999999742e-01
4.878327765210541817e-02 5.265850478472035023e-01 9.856000000000000316e-01 8.569999999999999840e-01
6.248699941451383438e-02 5.886662479115715163e-01 9.816000000000000281e-01 8.339999999999999636e-01
5.316789499156983345e-02 5.473539108906777528e-01 9.848000000000000087e-01 8.569999999999999840e-01
5.847987901985009229e-02 5.592351044483389044e-01 9.811999999999999611e-01 8.499999999999999778e-01
5.489969624436302764e-02 5.613561835311536852e-01 9.849999999999999867e-01 8.489999999999999769e-01
6.577632532624699824e-02 5.390280442992285703e-01 9.796000000000000263e-01 8.529999999999999805e-01
5.326732607415603921e-02 5.476288261904783683e-01 9.859999999999999876e-01 8.469999999999999751e-01
4.605206712380427447e-02 5.380971917243733138e-01 9.866000000000000325e-01 8.489999999999999769e-01
5.606645812605546425e-02 5.472815725072485149e-01 9.816000000000000281e-01 8.499999999999999778e-01
6.574793415523097484e-02 5.598870455043677419e-01 9.768000000000000016e-01 8.399999999999999689e-01
1.653827460515192860e-01 6.202697518207693772e-01 9.317999999999999616e-01 8.169999999999999485e-01
6.239453987527453921e-02 5.780023800391104194e-01 9.828000000000000069e-01 8.439999999999999725e-01
5.358287733878051157e-02 5.439118869889227881e-01 9.844000000000000528e-01 8.539999999999999813e-01
7.906672649090983052e-02 5.729543091464019966e-01 9.704000000000000403e-01 8.449999999999999734e-01
6.306923835551660196e-02 5.549955273697930735e-01 9.791999999999999593e-01 8.489999999999999769e-01
4.714914894055181188e-02 5.466815112330243309e-01 9.858000000000000096e-01 8.519999999999999796e-01
4.968241045659252397e-02 5.322080294620114005e-01 9.883999999999999453e-01 8.579999999999999849e-01
5.753072599824397143e-02 5.639379735800691407e-01 9.841999999999999638e-01 8.409999999999999698e-01
7.745519353033196441e-02 6.103538985404891593e-01 9.719999999999999751e-01 8.379999999999999671e-01
6.683457374691852138e-02 5.618291930375085563e-01 9.739999999999999769e-01 8.479999999999999760e-01
4.782405124631630006e-02 5.434614553999583819e-01 9.871999999999999664e-01 8.419999999999999707e-01
4.938164156793831139e-02 5.661504467258599016e-01 9.866000000000000325e-01 8.449999999999999734e-01
4.172416008802354997e-02 5.675959194341129166e-01 9.899999999999999911e-01 8.429999999999999716e-01
4.859434334275420514e-02 5.112441280369074414e-01 9.883999999999999453e-01 8.549999999999999822e-01
6.503856562866144886e-02 5.676775947346482942e-01 9.798000000000000043e-01 8.449999999999999734e-01
4.260942190353810000e-02 5.818524454145254099e-01 9.883999999999999453e-01 8.499999999999999778e-01
7.315269491137371682e-02 5.812103799623672407e-01 9.761999999999999567e-01 8.399999999999999689e-01
5.143660194595158636e-02 5.829437394615667456e-01 9.838000000000000078e-01 8.399999999999999689e-01
8.003451962671473408e-02 5.931382964849356565e-01 9.709999999999999742e-01 8.459999999999999742e-01
7.308835802897722944e-02 5.959676387117840424e-01 9.736000000000000210e-01 8.479999999999999760e-01
6.016875831038540762e-02 5.261452455545163609e-01 9.844000000000000528e-01 8.479999999999999760e-01
7.417600571261009912e-02 5.797884833334755461e-01 9.744000000000000439e-01 8.499999999999999778e-01
4.465450109244929744e-02 5.225809038155507791e-01 9.889999999999999902e-01 8.509999999999999787e-01
4.384241076061638070e-02 5.415475472220366848e-01 9.893999999999999462e-01 8.479999999999999760e-01
9.319240355006673526e-02 6.225450809046958467e-01 9.637999999999999901e-01 8.269999999999999574e-01
5.610045104036807950e-02 5.848246925192723822e-01 9.838000000000000078e-01 8.539999999999999813e-01
5.331920424880881582e-02 5.360723132834003257e-01 9.844000000000000528e-01 8.599999999999999867e-01
1.236908656088827191e-01 6.910918377963802817e-01 9.506000000000000005e-01 8.239999999999999547e-01
7.645824812411877724e-02 5.581663660747337996e-01 9.749999999999999778e-01 8.529999999999999805e-01
4.935330774393208858e-02 5.861711390567211355e-01 9.849999999999999867e-01 8.469999999999999751e-01
7.008799240013829923e-02 5.703425906800635437e-01 9.764000000000000457e-01 8.389999999999999680e-01
7.260237614828222996e-02 5.946175484092182106e-01 9.768000000000000016e-01 8.289999999999999591e-01
9.361383268261923296e-02 6.467846461570109229e-01 9.626000000000000112e-01 8.439999999999999725e-01
6.531765255019174321e-02 5.769527661102820115e-01 9.747999999999999998e-01 8.499999999999999778e-01
6.287450168672957529e-02 5.977470633426091862e-01 9.781999999999999584e-01 8.399999999999999689e-01
4.061931602074923819e-02 5.360160925704319235e-01 9.899999999999999911e-01 8.409999999999999698e-01
8.146718855952854443e-02 6.145857147256779118e-01 9.734000000000000430e-01 8.419999999999999707e-01
6.601109747664460348e-02 6.013444392045633746e-01 9.796000000000000263e-01 8.329999999999999627e-01
6.139259695101536435e-02 5.845844870044661912e-01 9.791999999999999593e-01 8.489999999999999769e-01
4.445980272684612461e-02 5.569004082248379950e-01 9.881999999999999673e-01 8.629999999999999893e-01
4.770206512902075424e-02 5.689795400081324450e-01 9.851999999999999647e-01 8.499999999999999778e-01
7.661117935741616758e-02 6.322348041533374374e-01 9.759999999999999787e-01 8.399999999999999689e-01
4.909618642168982888e-02 5.328542231320119171e-01 9.859999999999999876e-01 8.569999999999999840e-01
1.199658570948474723e-01 7.336093752751575714e-01 9.552000000000000490e-01 8.289999999999999591e-01
6.751874096264330605e-02 5.811825525403733206e-01 9.791999999999999593e-01 8.459999999999999742e-01
7.200716811125890127e-02 5.794943855969998392e-01 9.774000000000000465e-01 8.469999999999999751e-01
6.515850433662936925e-02 5.502259585943473086e-01 9.808000000000000052e-01 8.489999999999999769e-01
6.417253006720086139e-02 5.252791969520840265e-01 9.804000000000000492e-01 8.559999999999999831e-01
6.423871607477142642e-02 5.857225118608448966e-01 9.779999999999999805e-01 8.449999999999999734e-01
7.001968459370530584e-02 5.777853143587584617e-01 9.754000000000000448e-01 8.319999999999999618e-01
6.084207156531426519e-02 5.524078511575944983e-01 9.808000000000000052e-01 8.529999999999999805e-01
4.927375174305639871e-02 5.641077984997110439e-01 9.859999999999999876e-01 8.459999999999999742e-01
5.224944229580193861e-02 5.726694249172615825e-01 9.836000000000000298e-01 8.459999999999999742e-01
7.162679826713563846e-02 5.790310652585071161e-01 9.764000000000000457e-01 8.469999999999999751e-01
5.692524516690934677e-02 5.821676561647605164e-01 9.801999999999999602e-01 8.449999999999999734e-01
4.243222617058504259e-02 5.491023271536350503e-01 9.879999999999999893e-01 8.539999999999999813e-01
6.062102104481809778e-02 5.960537151494563757e-01 9.819999999999999840e-01 8.459999999999999742e-01
7.695145267216282892e-02 5.913192273861263004e-01 9.744000000000000439e-01 8.459999999999999742e-01
6.248615029881279814e-02 5.516301590163316115e-01 9.796000000000000263e-01 8.459999999999999742e-01
4.466519941149036527e-02 5.394500737674470248e-01 9.881999999999999673e-01 8.509999999999999787e-01
4.895190751494016279e-02 5.588941338541140169e-01 9.839999999999999858e-01 8.509999999999999787e-01
6.191265784822738705e-02 5.695268788609273436e-01 9.814000000000000501e-01 8.499999999999999778e-01
5.005368362685692213e-02 5.333325349543814875e-01 9.848000000000000087e-01 8.469999999999999751e-01
6.777955355708381591e-02 5.818772701636526490e-01 9.776000000000000245e-01 8.419999999999999707e-01
4.820935998957499857e-02 5.758133357158481402e-01 9.888000000000000123e-01 8.369999999999999662e-01
6.950724949360467808e-02 6.260040579060819343e-01 9.758000000000000007e-01 8.339999999999999636e-01
5.991735908641230429e-02 6.130765945769737213e-01 9.798000000000000043e-01 8.499999999999999778e-01
5.966712397353362424e-02 5.838276586954807001e-01 9.829999999999999849e-01 8.399999999999999689e-01
1.060537426748827811e-01 6.062222531282678295e-01 9.609999999999999654e-01 8.419999999999999707e-01
5.291626646607584111e-02 5.457845218191454961e-01 9.841999999999999638e-01 8.409999999999999698e-01
3.835582325084335720e-02 5.375348308123802932e-01 9.903999999999999471e-01 8.579999999999999849e-01
5.507903263152693490e-02 5.658592013712891999e-01 9.826000000000000290e-01 8.519999999999999796e-01
5.201965072319094524e-02 5.893277999154320490e-01 9.834000000000000519e-01 8.489999999999999769e-01
4.540117651137650506e-02 5.440164924186926543e-01 9.878000000000000114e-01 8.509999999999999787e-01
7.252447653881050060e-02 6.098093136272229042e-01 9.747999999999999998e-01 8.389999999999999680e-01
5.189068537295515871e-02 5.931197376482121308e-01 9.831999999999999629e-01 8.429999999999999716e-01
4.125127085102351515e-02 5.719872747729420892e-01 9.906000000000000361e-01 8.369999999999999662e-01
6.345842934132847613e-02 5.726994194303979269e-01 9.798000000000000043e-01 8.469999999999999751e-01
8.656356096093097141e-02 6.372533447560807529e-01 9.681999999999999496e-01 8.319999999999999618e-01
4.440924305353732837e-02 5.473227384746923718e-01 9.866000000000000325e-01 8.509999999999999787e-01
5.540946095304765534e-02 5.827455513959652889e-01 9.828000000000000069e-01 8.479999999999999760e-01
4.754592795711645031e-02 5.759435008587129312e-01 9.854000000000000536e-01 8.519999999999999796e-01
5.640886074331986910e-02 6.154442621047648831e-01 9.819999999999999840e-01 8.419999999999999707e-01
4.399263601922494965e-02 5.410416103334898530e-01 9.888000000000000123e-01 8.489999999999999769e-01
5.760953923850742342e-02 5.733198160205592586e-01 9.829999999999999849e-01 8.539999999999999813e-01
4.238607191259151363e-02 6.320625761148395139e-01 9.866000000000000325e-01 8.419999999999999707e-01
7.711831238943932243e-02 5.564949142743166322e-01 9.737999999999999989e-01 8.369999999999999662e-01
6.500420722286971709e-02 5.710932217299352631e-01 9.781999999999999584e-01 8.409999999999999698e-01
6.267556754468822655e-02 5.679264186776439294e-01 9.774000000000000465e-01 8.439999999999999725e-01
5.204230814050558873e-02 5.489772373992259924e-01 9.874000000000000554e-01 8.419999999999999707e-01
5.756554804179977308e-02 6.045201802233148847e-01 9.824000000000000510e-01 8.459999999999999742e-01
4.736655890059020269e-02 5.826175804825317606e-01 9.869999999999999885e-01 8.549999999999999822e-01
5.302876421910489996e-02 5.707582729168991786e-01 9.841999999999999638e-01 8.449999999999999734e-01
6.006238070598826639e-02 5.798266891137957568e-01 9.784000000000000474e-01 8.519999999999999796e-01
7.543386906619418963e-02 6.129461318435942552e-01 9.736000000000000210e-01 8.319999999999999618e-01
3.961234206225491133e-02 5.674406145108066291e-01 9.889999999999999902e-01 8.509999999999999787e-01
