2.282214522974398196e+00 2.279374906820924807e+00 1.781999999999999973e-01 1.809999999999999942e-01
1.526184898405398505e+00 1.531725778570854013e+00 4.033999999999999808e-01 3.719999999999999973e-01
9.649295143774092587e-01 9.814433205022577988e-01 6.568000000000000504e-01 6.440000000000000169e-01
7.465017011898661403e-01 7.691551913058553014e-01 7.224000000000000421e-01 6.949999999999999512e-01
6.886442792257020384e-01 7.446774658517554268e-01 7.278000000000000025e-01 7.109999999999999654e-01
6.071067227151928369e-01 6.810035961146929662e-01 7.775999999999999579e-01 7.550000000000000044e-01
5.269716479926735975e-01 5.952975580125096089e-01 8.194000000000000172e-01 7.790000000000000258e-01
5.298069964829567047e-01 6.022100201502214034e-01 8.035999999999999810e-01 7.930000000000000382e-01
5.511734524069005214e-01 6.294461124589180168e-01 8.032000000000000250e-01 7.720000000000000195e-01
4.527609195071159998e-01 5.546546389842564873e-01 8.384000000000000341e-01 7.890000000000000346e-01
4.640586695756175883e-01 5.479245551633549205e-01 8.347999999999999865e-01 8.010000000000000453e-01
4.706111626879783127e-01 5.762201297612719042e-01 8.219999999999999529e-01 7.740000000000000213e-01
4.186210188237077801e-01 5.261662539012764706e-01 8.497999999999999998e-01 8.070000000000000506e-01
4.149107839503551332e-01 5.251145368304505068e-01 8.528000000000000025e-01 8.080000000000000515e-01
3.904385659492723981e-01 5.157365902487498488e-01 8.588000000000000078e-01 8.199999999999999512e-01
4.250517667590090198e-01 5.541766200632470829e-01 8.416000000000000147e-01 7.970000000000000417e-01
3.627863920728809921e-01 4.981399623951952016e-01 8.653999999999999471e-01 8.189999999999999503e-01
3.962478627810763765e-01 5.304368389073206291e-01 8.466000000000000192e-01 8.050000000000000488e-01
3.492078573236624961e-01 5.002711693877243126e-01 8.743999999999999551e-01 8.159999999999999476e-01
3.972472028617561324e-01 5.465975551684130185e-01 8.506000000000000227e-01 8.010000000000000453e-01
3.456203494485912686e-01 4.953323849060645712e-01 8.760000000000000009e-01 8.120000000000000551e-01
3.287181311169217746e-01 4.590787084432424447e-01 8.860000000000000098e-01 8.349999999999999645e-01
3.150905243801488953e-01 4.656237319058765811e-01 8.883999999999999675e-01 8.289999999999999591e-01
3.238354887170695195e-01 4.609549355448133157e-01 8.826000000000000512e-01 8.279999999999999583e-01
3.086070266158827957e-01 4.547206522563444486e-01 8.900000000000000133e-01 8.379999999999999671e-01
3.058288443659754052e-01 4.771526170133696398e-01 8.881999999999999895e-01 8.339999999999999636e-01
2.944876186035149668e-01 4.579220036519385806e-01 8.960000000000000187e-01 8.319999999999999618e-01
3.343005131464994450e-01 4.903096817567875187e-01 8.768000000000000238e-01 8.229999999999999538e-01
2.989167694417594889e-01 4.815520473539832147e-01 8.928000000000000380e-01 8.229999999999999538e-01
2.686295242312914389e-01 4.609499150098430587e-01 9.025999999999999579e-01 8.299999999999999600e-01
2.917219846856380361e-01 4.850426203829395488e-01 8.951999999999999957e-01 8.299999999999999600e-01
2.696295714613858863e-01 4.472482423622346492e-01 9.032000000000000028e-01 8.279999999999999583e-01
2.834713603322533415e-01 4.931653912697508968e-01 8.978000000000000425e-01 8.269999999999999574e-01
2.710462372135188369e-01 4.915590670553439123e-01 9.013999999999999790e-01 8.219999999999999529e-01
2.658794277129756245e-01 4.626902624298722677e-01 9.038000000000000478e-01 8.379999999999999671e-01
2.764258624914248119e-01 4.788473244557667208e-01 8.948000000000000398e-01 8.289999999999999591e-01
2.936017390256970283e-01 5.184133404117720056e-01 8.908000000000000362e-01 8.179999999999999494e-01
2.505875691127288363e-01 4.525287815884824760e-01 9.085999999999999632e-01 8.369999999999999662e-01
2.795408194775704791e-01 4.573504917134004755e-01 8.948000000000000398e-01 8.279999999999999583e-01
2.435909625086133123e-01 4.613314761016018561e-01 9.118000000000000549e-01 8.389999999999999680e-01
2.509248301348798171e-01 4.785264172647725744e-01 9.045999999999999597e-01 8.299999999999999600e-01
2.266060572005145768e-01 4.650990901334222105e-01 9.157999999999999474e-01 8.319999999999999618e-01
2.529193897440763505e-01 4.734804064741980345e-01 9.055999999999999606e-01 8.399999999999999689e-01
2.627238540615366991e-01 5.071459313995450024e-01 9.040000000000000258e-01 8.179999999999999494e-01
2.300109712456550326e-01 4.712489289130231684e-01 9.147999999999999465e-01 8.329999999999999627e-01
2.242314212650475258e-01 4.482836872166518494e-01 9.203999999999999959e-01 8.359999999999999654e-01
2.509958381747394163e-01 5.101292276867341879e-01 9.085999999999999632e-01 8.239999999999999547e-01
2.228172134725369680e-01 4.812013713282185523e-01 9.193999999999999950e-01 8.289999999999999591e-01
2.218078790230323671e-01 4.786220100512708631e-01 9.185999999999999721e-01 8.389999999999999680e-01
1.996218155533238947e-01 4.399409734176986664e-01 9.280000000000000471e-01 8.429999999999999716e-01
2.048992332627811719e-01 4.522808536057231765e-01 9.285999999999999810e-01 8.389999999999999680e-01
2.226033519090685753e-01 4.858683940343170304e-01 9.180000000000000382e-01 8.439999999999999725e-01
2.170749146287968834e-01 4.864809595050406110e-01 9.163999999999999924e-01 8.349999999999999645e-01
1.978456896197266501e-01 4.530043924958436219e-01 9.290000000000000480e-01 8.449999999999999734e-01
1.992101164817997316e-01 4.442432278050535976e-01 9.305999999999999828e-01 8.379999999999999671e-01
1.934386580586674176e-01 4.408843418915329160e-01 9.327999999999999625e-01 8.469999999999999751e-01
2.040455515662179531e-01 4.750641503015375355e-01 9.252000000000000224e-01 8.469999999999999751e-01
1.977374536138355454e-01 4.911203373577588960e-01 9.285999999999999810e-01 8.419999999999999707e-01
2.281079982950071083e-01 5.176420779751352841e-01 9.130000000000000338e-01 8.279999999999999583e-01
2.271510111962296019e-01 5.101299477349284794e-01 9.147999999999999465e-01 8.359999999999999654e-01
2.376022945737112924e-01 4.914297824196457998e-01 9.100000000000000311e-01 8.209999999999999520e-01
2.120816306069094048e-01 4.626956884115463464e-01 9.172000000000000153e-01 8.309999999999999609e-01
1.744596573821947660e-01 4.729470469327970439e-01 9.354000000000000092e-01 8.529999999999999805e-01
1.857282533713109363e-01 4.654144076437841115e-01 9.354000000000000092e-01 8.479999999999999760e-01
1.700557722724151122e-01 4.634012249975552056e-01 9.415999999999999925e-01 8.379999999999999671e-01
1.748441428757218086e-01 4.830954051653171821e-01 9.350000000000000533e-01 8.349999999999999645e-01
1.953334999421054430e-01 4.916568265084776956e-01 9.294000000000000039e-01 8.339999999999999636e-01
1.911749236116008499e-01 4.895070889441749395e-01 9.275999999999999801e-01 8.319999999999999618e-01
1.695425954307474836e-01 4.580846188812645048e-01 9.429999999999999494e-01 8.399999999999999689e-01
1.734179741080920378e-01 4.736780217010528871e-01 9.355999999999999872e-01 8.409999999999999698e-01
1.646036489698111671e-01 4.658794975616233347e-01 9.395999999999999908e-01 8.459999999999999742e-01
1.697193190543186680e-01 4.692929147744631102e-01 9.412000000000000366e-01 8.359999999999999654e-01
1.536604588134040661e-01 4.622747491710320067e-01 9.452000000000000401e-01 8.429999999999999716e-01
1.815404991047527006e-01 4.910118947224722530e-01 9.342000000000000304e-01 8.349999999999999645e-01
1.635179430764208963e-01 4.584621288050913512e-01 9.445999999999999952e-01 8.399999999999999689e-01
1.999512352289181671e-01 5.398452583070515454e-01 9.267999999999999572e-01 8.299999999999999600e-01
1.435330528550045892e-01 4.953258839677494585e-01 9.506000000000000005e-01 8.409999999999999698e-01
1.963240903440298113e-01 4.851554441361097259e-01 9.247999999999999554e-01 8.389999999999999680e-01
1.726637663997020455e-01 5.179971411085066979e-01 9.330000000000000515e-01 8.329999999999999627e-01
1.695895163598052924e-01 5.032922189185120576e-01 9.350000000000000533e-01 8.319999999999999618e-01
2.136207176505909855e-01 5.245784743473149714e-01 9.165999999999999703e-01 8.299999999999999600e-01
1.723856443873195143e-01 5.193972361327329201e-01 9.392000000000000348e-01 8.259999999999999565e-01
1.428854097221852471e-01 5.114563171195452007e-01 9.465999999999999970e-01 8.389999999999999680e-01
1.570742305439820075e-01 5.152392849788850482e-01 9.414000000000000146e-01 8.349999999999999645e-01
1.528578980847607460e-01 4.633507791659314812e-01 9.427999999999999714e-01 8.429999999999999716e-01
1.635018300572014804e-01 4.972904790736186742e-01 9.414000000000000146e-01 8.399999999999999689e-01
1.533742313911727606e-01 4.641245263440781366e-01 9.444000000000000172e-01 8.429999999999999716e-01
1.436034483800960049e-01 4.738331372194092839e-01 9.502000000000000446e-01 8.469999999999999751e-01
1.426465041604860762e-01 4.790239479333592842e-01 9.459999999999999520e-01 8.439999999999999725e-01
1.361120671680920435e-01 4.892021506749864579e-01 9.527999999999999803e-01 8.389999999999999680e-01
1.381811843258440031e-01 4.788814508121941871e-01 9.526000000000000023e-01 8.339999999999999636e-01
1.269162600144174424e-01 4.719978032180297545e-01 9.574000000000000288e-01 8.489999999999999769e-01
1.450469680496609681e-01 5.238903366831820785e-01 9.452000000000000401e-01 8.299999999999999600e-01
1.566866230716807140e-01 4.840230964540264691e-01 9.464000000000000190e-01 8.429999999999999716e-01
1.238865766273803681e-01 4.727094313416152493e-01 9.567999999999999838e-01 8.489999999999999769e-01
1.457432455476044553e-01 5.049900742732137404e-01 9.467999999999999750e-01 8.459999999999999742e-01
1.443185363015871137e-01 5.267463203140198003e-01 9.449999999999999512e-01 8.369999999999999662e-01
1.503674309554821065e-01 5.303001947273342509e-01 9.415999999999999925e-01 8.369999999999999662e-01
1.439523763211390806e-01 5.399191408080827870e-01 9.512000000000000455e-01 8.409999999999999698e-01
1.354649914958792611e-01 5.150598309664121688e-01 9.529999999999999583e-01 8.339999999999999636e-01
1.653823401647891711e-01 5.061292448991564497e-01 9.372000000000000330e-01 8.419999999999999707e-01
1.167698479295925379e-01 4.658771824553093466e-01 9.602000000000000535e-01 8.479999999999999760e-01
1.208911169211893399e-01 4.675364314345071270e-01 9.584000000000000297e-01 8.459999999999999742e-01
1.318499474479693234e-01 5.234413013838499218e-01 9.534000000000000252e-01 8.419999999999999707e-01
1.346280109585036022e-01 4.639115934511646722e-01 9.579999999999999627e-01 8.549999999999999822e-01
1.481084740273362066e-01 5.838051038514123769e-01 9.447999999999999732e-01 8.349999999999999645e-01
1.240125098169912732e-01 4.977413089440211880e-01 9.566000000000000059e-01 8.419999999999999707e-01
1.184856462449336983e-01 4.781422622562603308e-01 9.619999999999999662e-01 8.409999999999999698e-01
1.273473186478608909e-01 5.102291931583083917e-01 9.577999999999999847e-01 8.379999999999999671e-01
1.123333761908464068e-01 5.078352616408894349e-01 9.586000000000000076e-01 8.399999999999999689e-01
1.795273959892841609e-01 5.683576425979686153e-01 9.314000000000000057e-01 8.179999999999999494e-01
1.310331655162713105e-01 5.043369818614895639e-01 9.549999999999999600e-01 8.429999999999999716e-01
1.225650554451796354e-01 4.836799958190292625e-01 9.554000000000000270e-01 8.409999999999999698e-01
1.247880914173509215e-01 4.932557720046454874e-01 9.604000000000000314e-01 8.459999999999999742e-01
1.229476946191861986e-01 4.964355669545345018e-01 9.556000000000000050e-01 8.449999999999999734e-01
1.188892426894113258e-01 5.406637553781743488e-01 9.566000000000000059e-01 8.409999999999999698e-01
1.161092138422291503e-01 5.156508866350111298e-01 9.629999999999999671e-01 8.329999999999999627e-01
1.101995609476709159e-01 4.922617008323060261e-01 9.619999999999999662e-01 8.409999999999999698e-01
1.371392011207094030e-01 5.171418643186656006e-01 9.492000000000000437e-01 8.399999999999999689e-01
1.204600606137738866e-01 5.214923203435544163e-01 9.576000000000000068e-01 8.369999999999999662e-01
1.283326457200127668e-01 5.419778021189278761e-01 9.546000000000000041e-01 8.439999999999999725e-01
1.089554979283895164e-01 4.937440712625414951e-01 9.647999999999999909e-01 8.399999999999999689e-01
1.218101667358222062e-01 5.333458869859630802e-01 9.552000000000000490e-01 8.509999999999999787e-01
1.134508923446030659e-01 4.843811398083885389e-01 9.627999999999999892e-01 8.409999999999999698e-01
1.240558493153852415e-01 4.901868112706204150e-01 9.582000000000000517e-01 8.439999999999999725e-01
1.115713360095524909e-01 4.631448735010279538e-01 9.636000000000000121e-01 8.519999999999999796e-01
1.072849239355909284e-01 5.298670685695772153e-01 9.631999999999999451e-01 8.469999999999999751e-01
1.222403585586288449e-01 5.430253575523947829e-01 9.569999999999999618e-01 8.369999999999999662e-01
1.096749073226617327e-01 5.007808731150465986e-01 9.651999999999999469e-01 8.419999999999999707e-01
9.840605731280634150e-02 5.021888102774446638e-01 9.696000000000000174e-01 8.409999999999999698e-01
1.218769272775962753e-01 4.777757126504901808e-01 9.622000000000000552e-01 8.409999999999999698e-01
1.079203116798729684e-01 4.701373152846106684e-01 9.649999999999999689e-01 8.509999999999999787e-01
1.018594775432597049e-01 4.836356166962236802e-01 9.667999999999999927e-01 8.549999999999999822e-01
1.120220517918111419e-01 4.934178515967861389e-01 9.641999999999999460e-01 8.389999999999999680e-01
1.116000381155498877e-01 5.291623071517469468e-01 9.604000000000000314e-01 8.369999999999999662e-01
1.144708320314074684e-01 4.958214959660764976e-01 9.627999999999999892e-01 8.329999999999999627e-01
1.135332199081224847e-01 5.314021139365103785e-01 9.609999999999999654e-01 8.409999999999999698e-01
9.326984307420643772e-02 4.968444529548655120e-01 9.696000000000000174e-01 8.559999999999999831e-01
9.130943885891931733e-02 4.714854234246816378e-01 9.719999999999999751e-01 8.589999999999999858e-01
1.730731366718445685e-01 5.735853556008876364e-01 9.322000000000000286e-01 8.379999999999999671e-01
1.175075329142688113e-01 5.393640967386822416e-01 9.544000000000000261e-01 8.429999999999999716e-01
1.049225782090944387e-01 5.402775684862436423e-01 9.639999999999999680e-01 8.399999999999999689e-01
8.626394822125622863e-02 4.734630463654032062e-01 9.754000000000000448e-01 8.519999999999999796e-01
7.979427532545500801e-02 4.993482758908804331e-01 9.754000000000000448e-01 8.609999999999999876e-01
9.027632110909128427e-02 5.339431559468593713e-01 9.706000000000000183e-01 8.479999999999999760e-01
1.156537841737990957e-01 5.260026930151976421e-01 9.566000000000000059e-01 8.449999999999999734e-01
8.861035843137510248e-02 5.104852430901413163e-01 9.697999999999999954e-01 8.539999999999999813e-01
1.090185451926781041e-01 5.398178528704175028e-01 9.602000000000000535e-01 8.389999999999999680e-01
1.197534983104781292e-01 5.871231557462122108e-01 9.552000000000000490e-01 8.409999999999999698e-01
8.918930021696980237e-02 5.658110664431041936e-01 9.667999999999999927e-01 8.479999999999999760e-01
1.028580841413121588e-01 5.475219125928860731e-01 9.644000000000000350e-01 8.429999999999999716e-01
1.242990164726087143e-01 5.621047065011344213e-01 9.494000000000000217e-01 8.379999999999999671e-01
9.805257114137096164e-02 5.259301143152950164e-01 9.699999999999999734e-01 8.409999999999999698e-01
8.365440466206293391e-02 4.955461666165746348e-01 9.744000000000000439e-01 8.449999999999999734e-01
8.831875440828682033e-02 5.390921270779401864e-01 9.704000000000000403e-01 8.509999999999999787e-01
8.585956191970385565e-02 4.812770509837188126e-01 9.739999999999999769e-01 8.459999999999999742e-01
9.246320766602550423e-02 5.423819107736014278e-01 9.699999999999999734e-01 8.539999999999999813e-01
9.494547118815806208e-02 4.894896147446164414e-01 9.699999999999999734e-01 8.529999999999999805e-01
8.477917335216704486e-02 5.304866961513230450e-01 9.694000000000000394e-01 8.539999999999999813e-01
9.717057331299065737e-02 5.026731921126242897e-01 9.684000000000000385e-01 8.509999999999999787e-01
8.358383500487290285e-02 4.855420226180860443e-01 9.756000000000000227e-01 8.529999999999999805e-01
8.893841766822672967e-02 5.265558129847660584e-01 9.709999999999999742e-01 8.449999999999999734e-01
9.533679001469393122e-02 5.332532735215054220e-01 9.677999999999999936e-01 8.489999999999999769e-01
9.660500212397275799e-02 5.668060057574620947e-01 9.686000000000000165e-01 8.409999999999999698e-01
8.830596224076596445e-02 5.592825059653707687e-01 9.694000000000000394e-01 8.419999999999999707e-01
1.646584693712197234e-01 6.757600520769658781e-01 9.384000000000000119e-01 8.309999999999999609e-01
8.895850534902492723e-02 5.201938379887223185e-01 9.734000000000000430e-01 8.479999999999999760e-01
1.129827554304030646e-01 5.384869564468237613e-01 9.604000000000000314e-01 8.269999999999999574e-01
8.097813101867491759e-02 5.181670546596874871e-01 9.754000000000000448e-01 8.499999999999999778e-01
7.861540236666900161e-02 5.043056763403083176e-01 9.747999999999999998e-01 8.479999999999999760e-01
8.373119752834064233e-02 5.147820360427011188e-01 9.769999999999999796e-01 8.449999999999999734e-01
9.487614035040525806e-02 4.926669407312423421e-01 9.684000000000000385e-01 8.399999999999999689e-01
8.852537068571403323e-02 5.353084849612373963e-01 9.691999999999999504e-01 8.439999999999999725e-01
8.578048604828102108e-02 4.779560171475170094e-01 9.734000000000000430e-01 8.529999999999999805e-01
7.946141573396751923e-02 5.090892962227727692e-01 9.746000000000000218e-01 8.479999999999999760e-01
9.894931444902980988e-02 5.290837191635675563e-01 9.639999999999999680e-01 8.549999999999999822e-01
1.017540218443654110e-01 5.394985352638280718e-01 9.639999999999999680e-01 8.449999999999999734e-01
8.026190181347737929e-02 5.257461692326679259e-01 9.716000000000000192e-01 8.549999999999999822e-01
7.632618443950799081e-02 5.118113559179769956e-01 9.759999999999999787e-01 8.469999999999999751e-01
1.303315491257791003e-01 5.833180809427970237e-01 9.477999999999999758e-01 8.349999999999999645e-01
1.017878493422674641e-01 5.059623964032429200e-01 9.641999999999999460e-01 8.459999999999999742e-01
7.834435015101245958e-02 5.238137085578657981e-01 9.727999999999999980e-01 8.509999999999999787e-01
1.281122295260123667e-01 5.801807008547343880e-01 9.519999999999999574e-01 8.349999999999999645e-01
7.083695021741590048e-02 5.305724476024231695e-01 9.764000000000000457e-01 8.499999999999999778e-01
9.691756330302714328e-02 5.837362433450424826e-01 9.667999999999999927e-01 8.399999999999999689e-01
7.319559631379660147e-02 5.337433686307790914e-01 9.779999999999999805e-01 8.489999999999999769e-01
1.222385911868145714e-01 5.993876704246658971e-01 9.544000000000000261e-01 8.349999999999999645e-01
7.314579451156626166e-02 5.132824042217409843e-01 9.789999999999999813e-01 8.499999999999999778e-01
1.164424398848138420e-01 5.457495856578923332e-01 9.562000000000000499e-01 8.329999999999999627e-01
1.338838438865631586e-01 5.995157978230425400e-01 9.492000000000000437e-01 8.329999999999999627e-01
7.320752609721396797e-02 5.472053958564571108e-01 9.756000000000000227e-01 8.349999999999999645e-01
7.484826826467211314e-02 5.666398524645229751e-01 9.751999999999999558e-01 8.399999999999999689e-01
7.994032250068010270e-02 5.328145391327461233e-01 9.746000000000000218e-01 8.459999999999999742e-01
8.524183839812017605e-02 5.626360254862968757e-01 9.726000000000000201e-01 8.359999999999999654e-01
1.142414328528703893e-01 6.384637130497721191e-01 9.589999999999999636e-01 8.279999999999999583e-01
8.361760569384966979e-02 5.419919501450158883e-01 9.724000000000000421e-01 8.439999999999999725e-01
6.275279782127322903e-02 5.401338255954892809e-01 9.796000000000000263e-01 8.489999999999999769e-01
7.567208325695393145e-02 5.605658223072714774e-01 9.761999999999999567e-01 8.389999999999999680e-01
8.957511947419355414e-02 5.854038230688890510e-01 9.666000000000000147e-01 8.399999999999999689e-01
6.532574544108575576e-02 5.188179686882010699e-01 9.814000000000000501e-01 8.449999999999999734e-01
8.922393729984348654e-02 5.746453261858438522e-01 9.671999999999999487e-01 8.459999999999999742e-01
1.120017507431933790e-01 5.237419406643941677e-01 9.592000000000000526e-01 8.369999999999999662e-01
6.400461228698191285e-02 5.378969439525239649e-01 9.799999999999999822e-01 8.529999999999999805e-01
6.076179137573364114e-02 5.408800416530469279e-01 9.831999999999999629e-01 8.509999999999999787e-01
8.489560279707987489e-02 5.596714207196528124e-01 9.731999999999999540e-01 8.449999999999999734e-01
9.384627619773411311e-02 5.664902897048919028e-01 9.669999999999999707e-01 8.399999999999999689e-01
7.957712127353520903e-02 5.430609495985347923e-01 9.758000000000000007e-01 8.459999999999999742e-01
8.150077147766696117e-02 5.297266020791824293e-01 9.776000000000000245e-01 8.489999999999999769e-01
8.405218748634017689e-02 5.514715512789341023e-01 9.731999999999999540e-01 8.359999999999999654e-01
8.366674634063121785e-02 5.892943324809530870e-01 9.704000000000000403e-01 8.389999999999999680e-01
1.246076827001553339e-01 6.269846630946485089e-01 9.522000000000000464e-01 8.090000000000000524e-01
8.137562914268312020e-02 5.766834696472961097e-01 9.758000000000000007e-01 8.499999999999999778e-01
8.928590722071824692e-02 5.758712415183407929e-01 9.699999999999999734e-01 8.279999999999999583e-01
8.081412462347277448e-02 5.689990969525685616e-01 9.719999999999999751e-01 8.499999999999999778e-01
7.057280800335168081e-02 5.571937815408495309e-01 9.778000000000000025e-01 8.479999999999999760e-01
6.696432649232092471e-02 5.567382221407353171e-01 9.806000000000000272e-01 8.359999999999999654e-01
7.848211808569915959e-02 5.472673857529462005e-01 9.741999999999999549e-01 8.379999999999999671e-01
7.083246175039230319e-02 5.168347358784873835e-01 9.806000000000000272e-01 8.489999999999999769e-01
8.125163183201636330e-02 5.923558581868322293e-01 9.741999999999999549e-01 8.419999999999999707e-01
6.581773037382593339e-02 5.281614137538340747e-01 9.809999999999999831e-01 8.369999999999999662e-01
1.393475069167734171e-01 6.438517488846501324e-01 9.526000000000000023e-01 8.449999999999999734e-01
5.415585064864862630e-02 5.486054507999665875e-01 9.846000000000000307e-01 8.409999999999999698e-01
7.761312593377751867e-02 5.651291494868546650e-01 9.737999999999999989e-01 8.439999999999999725e-01
7.493809273212997946e-02 5.476667599298621347e-01 9.739999999999999769e-01 8.429999999999999716e-01
8.041286395979625745e-02 5.692143744733705324e-01 9.746000000000000218e-01 8.509999999999999787e-01
6.558644519852252497e-02 5.302553632645908843e-01 9.799999999999999822e-01 8.489999999999999769e-01
8.047853536577986855e-02 5.530252455868142070e-01 9.726000000000000201e-01 8.409999999999999698e-01
6.645894205232079355e-02 5.645475845452979646e-01 9.796000000000000263e-01 8.459999999999999742e-01
7.889839271245181751e-02 5.786786655068003604e-01 9.729999999999999760e-01 8.379999999999999671e-01
9.057753787068024975e-02 5.845438378128672285e-01 9.687999999999999945e-01 8.399999999999999689e-01
1.285388630569882229e-01 6.966371519882395003e-01 9.519999999999999574e-01 8.439999999999999725e-01
9.669954994836611750e-02 5.495831040298502224e-01 9.661999999999999478e-01 8.389999999999999680e-01
6.182249537469382272e-02 5.646059402193205345e-01 9.799999999999999822e-01 8.469999999999999751e-01
1.061583737855283927e-01 6.634738515153290050e-01 9.604000000000000314e-01 8.329999999999999627e-01
1.186181929177663741e-01 6.358410151421760581e-01 9.557999999999999829e-01 8.299999999999999600e-01
6.206455792455858184e-02 5.524835971696138159e-01 9.839999999999999858e-01 8.369999999999999662e-01
5.600279603754158841e-02 5.675547325998560044e-01 9.834000000000000519e-01 8.509999999999999787e-01
7.054936807821161893e-02 5.113111629234902145e-01 9.814000000000000501e-01 8.419999999999999707e-01
6.105140880682307508e-02 6.042047253553801678e-01 9.809999999999999831e-01 8.369999999999999662e-01
9.566379079658922369e-02 6.048961424699691447e-01 9.636000000000000121e-01 8.359999999999999654e-01
6.638674305847264145e-02 5.392961706213511563e-01 9.788000000000000034e-01 8.489999999999999769e-01
1.044727405234377043e-01 6.036788554462284573e-01 9.592000000000000526e-01 8.269999999999999574e-01
1.502024612191196484e-01 6.703509651969608019e-01 9.452000000000000401e-01 8.219999999999999529e-01
1.132576606136216080e-01 5.875747963447881528e-01 9.557999999999999829e-01 8.279999999999999583e-01
1.003487808067204390e-01 5.681904499432528510e-01 9.607999999999999874e-01 8.349999999999999645e-01
6.954859593426046538e-02 5.532872547885071546e-01 9.768000000000000016e-01 8.429999999999999716e-01
7.102236152597385388e-02 5.493733877129869381e-01 9.751999999999999558e-01 8.449999999999999734e-01
9.219242578832567703e-02 5.760924948003559587e-01 9.666000000000000147e-01 8.389999999999999680e-01
7.581725977636431801e-02 5.699877876578675062e-01 9.747999999999999998e-01 8.449999999999999734e-01
7.502991050360785508e-02 5.864606591140877345e-01 9.714000000000000412e-01 8.449999999999999734e-01
7.791933293524345994e-02 5.561529569932115447e-01 9.727999999999999980e-01 8.469999999999999751e-01
1.001672820175519008e-01 6.356402981318868273e-01 9.609999999999999654e-01 8.379999999999999671e-01
8.226229291208006500e-02 5.700618524998163350e-01 9.687999999999999945e-01 8.409999999999999698e-01
7.280580847814649426e-02 5.148990858324005160e-01 9.769999999999999796e-01 8.509999999999999787e-01
6.371236051793364996e-02 5.064677915315466405e-01 9.771999999999999575e-01 8.569999999999999840e-01
7.276164122636621934e-02 5.618011761700747453e-01 9.766000000000000236e-01 8.449999999999999734e-01
5.740002939572282081e-02 4.995394406130388987e-01 9.849999999999999867e-01 8.489999999999999769e-01
8.255062183480416094e-02 5.829737599202429177e-01 9.734000000000000430e-01 8.459999999999999742e-01
5.113912936961244327e-02 5.569381086660918356e-01 9.874000000000000554e-01 8.439999999999999725e-01
5.269535780697718469e-02 5.273240603770157353e-01 9.871999999999999664e-01 8.499999999999999778e-01
6.562336364555940160e-02 5.941060528637113203e-01 9.814000000000000501e-01 8.399999999999999689e-01
6.839158739931351649e-02 5.572548733980817737e-01 9.784000000000000474e-01 8.469999999999999751e-01
7.007532981206747447e-02 5.672772088969550985e-01 9.786000000000000254e-01 8.419999999999999707e-01
5.203411509190782741e-02 5.330393941141139402e-01 9.846000000000000307e-01 8.489999999999999769e-01
5.185093112637428892e-02 5.761108702655806102e-01 9.861999999999999655e-01 8.429999999999999716e-01
6.290823629169119136e-02 5.696681338840267061e-01 9.778000000000000025e-01 8.479999999999999760e-01
9.946267158739703629e-02 6.028354730416101148e-01 9.656000000000000139e-01 8.339999999999999636e-01
6.624439088394042108e-02 5.810621364721659798e-01 9.794000000000000483e-01 8.359999999999999654e-01
5.840675174927816016e-02 5.595847900468216007e-01 9.818000000000000060e-01 8.509999999999999787e-01
6.615870518831894198e-02 5.683652687986218144e-01 9.779999999999999805e-01 8.399999999999999689e-01
6.153892487255482185e-02 5.942852672184809615e-01 9.774000000000000465e-01 8.389999999999999680e-01
8.812548072759032736e-02 5.788698825271506587e-01 9.699999999999999734e-01 8.389999999999999680e-01
1.402438076531011546e-01 7.617488837286819914e-01 9.477999999999999758e-01 8.249999999999999556e-01
1.276475447366693661e-01 6.761688497944490228e-01 9.536000000000000032e-01 8.369999999999999662e-01
5.917309912668206051e-02 5.300195904067679376e-01 9.839999999999999858e-01 8.519999999999999796e-01
5.613126744333044038e-02 5.678117490594298822e-01 9.838000000000000078e-01 8.479999999999999760e-01
8.750749314224594289e-02 5.478417582644208306e-01 9.674000000000000377e-01 8.419999999999999707e-01
7.363652889127565715e-02 5.710552897669692873e-01 9.758000000000000007e-01 8.399999999999999689e-01
8.713976709349474659e-02 5.913389798039713208e-01 9.677999999999999936e-01 8.299999999999999600e-01
6.096728073096448902e-02 5.202298333365624750e-01 9.828000000000000069e-01 8.539999999999999813e-01
6.222675500066707222e-02 5.593850782362917995e-01 9.818000000000000060e-01 8.519999999999999796e-01
5.503391027318459833e-02 5.626944701652875080e-01 9.851999999999999647e-01 8.459999999999999742e-01
8.467283966812014229e-02 6.152680317448440128e-01 9.686000000000000165e-01 8.289999999999999591e-01
6.758950490558128521e-02 5.743831405671558921e-01 9.799999999999999822e-01 8.389999999999999680e-01
6.022602009835995723e-02 5.790546491812794683e-01 9.826000000000000290e-01 8.459999999999999742e-01
1.437883561876810989e-01 7.273911019292824687e-01 9.472000000000000419e-01 8.309999999999999609e-01
6.962354684312885289e-02 5.634140641780861491e-01 9.776000000000000245e-01 8.459999999999999742e-01
4.763322062639214344e-02 5.633033462691566795e-01 9.874000000000000554e-01 8.409999999999999698e-01
8.670254455857122344e-02 5.904745976369742966e-01 9.699999999999999734e-01 8.389999999999999680e-01
6.449130165534856796e-02 5.799716122676862318e-01 9.779999999999999805e-01 8.449999999999999734e-01
7.241038599673811638e-02 5.824033332546262320e-01 9.739999999999999769e-01 8.429999999999999716e-01
5.287244434772403467e-02 5.224596567641117684e-01 9.881999999999999673e-01 8.509999999999999787e-01
4.974960875049889292e-02 5.925292184042403321e-01 9.849999999999999867e-01 8.419999999999999707e-01
4.766203599229306559e-02 5.516466646441806621e-01 9.879999999999999893e-01 8.529999999999999805e-01
6.225007505802923613e-02 5.442007005346085613e-01 9.818000000000000060e-01 8.549999999999999822e-01
5.570979107739750663e-02 5.231162431421277903e-01 9.831999999999999629e-01 8.509999999999999787e-01
7.113821792570759750e-02 5.919164743230719283e-01 9.764000000000000457e-01 8.429999999999999716e-01
5.649896463507454725e-02 5.959060608573417683e-01 9.828000000000000069e-01 8.509999999999999787e-01
7.216191829354295928e-02 5.860519621318397432e-01 9.724000000000000421e-01 8.539999999999999813e-01
8.913558704054626303e-02 5.827502513794363681e-01 9.676000000000000156e-01 8.399999999999999689e-01
4.183679530554902659e-02 5.646344625798109806e-01 9.916000000000000369e-01 8.429999999999999716e-01
4.624725504368936563e-02 5.326034335285180221e-01 9.913999999999999480e-01 8.509999999999999787e-01
8.871365742127657050e-02 6.351771889789067371e-01 9.677999999999999936e-01 8.379999999999999671e-01
6.409199964394363125e-02 5.449953958568616308e-01 9.788000000000000034e-01 8.399999999999999689e-01
5.932425947091106433e-02 5.754030241705370141e-01 9.801999999999999602e-01 8.429999999999999716e-01
4.784260374747670991e-02 5.641702349540536066e-01 9.883999999999999453e-01 8.409999999999999698e-01
5.011571926083818046e-02 5.748268513788877820e-01 9.866000000000000325e-01 8.409999999999999698e-01
4.762378661429692017e-02 5.302407096856328605e-01 9.871999999999999664e-01 8.559999999999999831e-01
6.374071299408805291e-02 5.626659379648524251e-01 9.821999999999999620e-01 8.349999999999999645e-01
4.877727608553851513e-02 5.564865473116126227e-01 9.859999999999999876e-01 8.409999999999999698e-01
5.723502951282428974e-02 5.493043335637561864e-01 9.799999999999999822e-01 8.529999999999999805e-01
4.948221161715147393e-02 5.435648973867555078e-01 9.858000000000000096e-01 8.559999999999999831e-01
4.583843589404418967e-02 5.225526064776992996e-01 9.898000000000000131e-01 8.439999999999999725e-01
6.295820685329331368e-02 5.760308554157782535e-01 9.828000000000000069e-01 8.449999999999999734e-01
7.029387903061842802e-02 5.660860878539812902e-01 9.779999999999999805e-01 8.329999999999999627e-01
5.014051723175044772e-02 5.307321004869948178e-01 9.883999999999999453e-01 8.499999999999999778e-01
5.048599562964019294e-02 5.806689620417314623e-01 9.829999999999999849e-01 8.439999999999999725e-01
4.993898527909980400e-02 5.154211074344637877e-01 9.898000000000000131e-01 8.379999999999999671e-01
7.798780767631219302e-02 5.608145723445367992e-01 9.741999999999999549e-01 8.379999999999999671e-01
1.007186642447421981e-01 5.301895990219962496e-01 9.637999999999999901e-01 8.389999999999999680e-01
5.820685053043560264e-02 5.730917224594636039e-01 9.814000000000000501e-01 8.429999999999999716e-01
6.522259334382936313e-02 5.721108136425705482e-01 9.796000000000000263e-01 8.379999999999999671e-01
7.190818831615711226e-02 5.787429118097486835e-01 9.756000000000000227e-01 8.379999999999999671e-01
5.411994011231157503e-02 5.632798995863805835e-01 9.851999999999999647e-01 8.479999999999999760e-01
7.118176319553931597e-02 5.184790981411492305e-01 9.758000000000000007e-01 8.329999999999999627e-01
9.164620638992460044e-02 6.342411160206569143e-01 9.641999999999999460e-01 8.279999999999999583e-01
8.802873499641079846e-02 6.305512242127107037e-01 9.677999999999999936e-01 8.469999999999999751e-01
5.204528819519705501e-02 5.390663575024812193e-01 9.834000000000000519e-01 8.469999999999999751e-01
7.866140223156652123e-02 5.817514200746158881e-01 9.731999999999999540e-01 8.399999999999999689e-01
6.856874322807031408e-02 6.133269050194769534e-01 9.756000000000000227e-01 8.389999999999999680e-01
4.188552695044265445e-02 5.562043897082544763e-01 9.906000000000000361e-01 8.489999999999999769e-01
4.764882421479552793e-02 5.802550034333160411e-01 9.859999999999999876e-01 8.479999999999999760e-01
6.560365868985112980e-02 6.476109584076483738e-01 9.764000000000000457e-01 8.339999999999999636e-01
6.021433289366862063e-02 5.744023495042556160e-01 9.816000000000000281e-01 8.529999999999999805e-01
5.525761755977534606e-02 6.008156428946249683e-01 9.824000000000000510e-01 8.379999999999999671e-01
5.591851344297579102e-02 5.527506459412305784e-01 9.846000000000000307e-01 8.389999999999999680e-01
8.938922900686968598e-02 6.166446345929141870e-01 9.674000000000000377e-01 8.359999999999999654e-01
5.327417979582425855e-02 5.499614604927770545e-01 9.859999999999999876e-01 8.419999999999999707e-01
5.420244823883708929e-02 6.226330236763411019e-01 9.821999999999999620e-01 8.509999999999999787e-01
5.326583479037724084e-02 5.830682537693592238e-01 9.856000000000000316e-01 8.459999999999999742e-01
4.068448107342211711e-02 6.056515677678447895e-01 9.898000000000000131e-01 8.449999999999999734e-01
5.724964027128032901e-02 6.027534228985712561e-01 9.818000000000000060e-01 8.529999999999999805e-01
6.783518477712212336e-02 5.709564764475706378e-01 9.771999999999999575e-01 8.429999999999999716e-01
1.385554125015014681e-01 7.047688344448468367e-01 9.519999999999999574e-01 8.309999999999999609e-01
7.242420588669938597e-02 6.481341475615645109e-01 9.741999999999999549e-01 8.399999999999999689e-01
5.951403491125995676e-02 5.705733209578043308e-01 9.811999999999999611e-01 8.529999999999999805e-01
5.146234515695442824e-02 6.000262615624796236e-01 9.846000000000000307e-01 8.359999999999999654e-01
7.333349696422224173e-02 5.282715881693222926e-01 9.768000000000000016e-01 8.429999999999999716e-01
8.139305078487171774e-02 6.261604275527771213e-01 9.704000000000000403e-01 8.359999999999999654e-01
5.620505542334317678e-02 5.585671962506504329e-01 9.829999999999999849e-01 8.469999999999999751e-01
6.613223003466639494e-02 6.043315855880589949e-01 9.784000000000000474e-01 8.339999999999999636e-01
7.117483358321514963e-02 6.070640363021335695e-01 9.734000000000000430e-01 8.299999999999999600e-01
6.622092342544981525e-02 6.310241796474034270e-01 9.737999999999999989e-01 8.409999999999999698e-01
5.571638479501928032e-02 6.055466634671925474e-01 9.811999999999999611e-01 8.509999999999999787e-01
4.520221819725521450e-02 5.547010421929747803e-01 9.911999999999999700e-01 8.459999999999999742e-01
5.737419687733145285e-02 5.980736039503158352e-01 9.829999999999999849e-01 8.419999999999999707e-01
1.054632898119913786e-01 6.707773326987321871e-01 9.596000000000000085e-01 8.369999999999999662e-01
8.693622732906935990e-02 6.808311702864614512e-01 9.687999999999999945e-01 8.429999999999999716e-01
5.548237273111669698e-02 6.369981054784593644e-01 9.824000000000000510e-01 8.439999999999999725e-01
5.502056263333626046e-02 6.001725452362426383e-01 9.836000000000000298e-01 8.439999999999999725e-01
5.997829783883525806e-02 5.545598674946033979e-01 9.831999999999999629e-01 8.419999999999999707e-01
3.267206145295021430e-02 5.797555779439923507e-01 9.921999999999999709e-01 8.489999999999999769e-01
4.953775483404652263e-02 6.598387657194996203e-01 9.839999999999999858e-01 8.379999999999999671e-01
9.811685605018102829e-02 6.253845245237460437e-01 9.667999999999999927e-01 8.419999999999999707e-01
4.203627579981822349e-02 6.259451384271669250e-01 9.876000000000000334e-01 8.419999999999999707e-01
5.357383713499759559e-02 5.815247435852551883e-01 9.864000000000000545e-01 8.279999999999999583e-01
5.838635038625121509e-02 5.947044837130233130e-01 9.786000000000000254e-01 8.449999999999999734e-01
7.191601963707217049e-02 6.475539443233501169e-01 9.727999999999999980e-01 8.329999999999999627e-01
4.445252285366749212e-02 6.384055400393762181e-01 9.856000000000000316e-01 8.499999999999999778e-01
5.456705316984118703e-02 5.707021633820061890e-01 9.876000000000000334e-01 8.329999999999999627e-01
8.921977887335463819e-02 6.533323316207302334e-01 9.676000000000000156e-01 8.349999999999999645e-01
3.936588394549907222e-02 5.496107508589076485e-01 9.901999999999999691e-01 8.559999999999999831e-01
7.052982543021735218e-02 6.071408275478904493e-01 9.758000000000000007e-01 8.269999999999999574e-01
5.288102406236609709e-02 5.734580936045713395e-01 9.869999999999999885e-01 8.379999999999999671e-01
7.290549099384077691e-02 6.612361823533723371e-01 9.704000000000000403e-01 8.349999999999999645e-01
7.284955836677134422e-02 6.086498853892438055e-01 9.761999999999999567e-01 8.389999999999999680e-01
5.588803184135745367e-02 5.669018737472719671e-01 9.851999999999999647e-01 8.419999999999999707e-01
4.919385471707773266e-02 5.562509389288756712e-01 9.851999999999999647e-01 8.489999999999999769e-01
5.113106229867268177e-02 6.066829109532850817e-01 9.866000000000000325e-01 8.379999999999999671e-01
4.658820478697810880e-02 6.077590959599454834e-01 9.868000000000000105e-01 8.349999999999999645e-01
4.834033208372377072e-02 6.485119896602730138e-01 9.859999999999999876e-01 8.369999999999999662e-01
6.197983444079614018e-02 6.772776800045345880e-01 9.776000000000000245e-01 8.419999999999999707e-01
5.177504547025548604e-02 5.907874264520308616e-01 9.848000000000000087e-01 8.429999999999999716e-01
4.376805208413016984e-02 5.698916685968256068e-01 9.899999999999999911e-01 8.479999999999999760e-01
4.369677199630730285e-02 6.026982041120995115e-01 9.898000000000000131e-01 8.429999999999999716e-01
4.991269758101623405e-02 5.899889218703094906e-01 9.864000000000000545e-01 8.439999999999999725e-01
5.158637137192569055e-02 5.572823159803047544e-01 9.869999999999999885e-01 8.379999999999999671e-01
4.831881259414264745e-02 6.126618226437479109e-01 9.861999999999999655e-01 8.379999999999999671e-01
5.186338311951167040e-02 6.074903120896421038e-01 9.834000000000000519e-01 8.499999999999999778e-01
5.505961616851734464e-02 5.911132989010652317e-01 9.814000000000000501e-01 8.409999999999999698e-01
6.743290531860980652e-02 6.852018737852385577e-01 9.727999999999999980e-01 8.339999999999999636e-01
5.427404385918523783e-02 5.839175272208131373e-01 9.836000000000000298e-01 8.359999999999999654e-01
6.072162645004991477e-02 5.476141278916720756e-01 9.801999999999999602e-01 8.509999999999999787e-01
5.620022382560297541e-02 6.258521752340096000e-01 9.794000000000000483e-01 8.369999999999999662e-01
6.581664324532880694e-02 6.160862767035579779e-01 9.786000000000000254e-01 8.319999999999999618e-01
7.202887420107099981e-02 5.538202061577324198e-01 9.761999999999999567e-01 8.419999999999999707e-01
7.619129327909399119e-02 6.815668846473947884e-01 9.744000000000000439e-01 8.219999999999999529e-01
5.154508286278788876e-02 5.682556484961825971e-01 9.831999999999999629e-01 8.499999999999999778e-01
5.866852783463694099e-02 6.176504685844605991e-01 9.804000000000000492e-01 8.389999999999999680e-01
5.268188512206117835e-02 5.972318397493927566e-01 9.834000000000000519e-01 8.389999999999999680e-01
