2.286538993262694941e+00 2.283481587080808506e+00 1.787999999999999867e-01 1.779999999999999916e-01
1.431234410340582741e+00 1.429661296997166930e+00 4.597999999999999865e-01 4.420000000000000040e-01
9.653508237036360073e-01 9.740922252789725455e-01 6.231999999999999762e-01 6.059999999999999831e-01
7.614351514318624670e-01 7.965640937387368226e-01 7.116000000000000103e-01 6.740000000000000435e-01
6.335870117431265935e-01 6.758721047851689034e-01 7.680000000000000160e-01 7.520000000000000018e-01
5.951030937033119361e-01 6.639719212864966247e-01 7.778000000000000469e-01 7.329999999999999849e-01
5.398461925958597529e-01 6.179104569747593256e-01 8.095999999999999863e-01 7.760000000000000231e-01
5.172853204586106424e-01 5.986352562919935449e-01 8.012000000000000233e-01 7.700000000000000178e-01
5.038954317139193728e-01 5.858731580818766771e-01 8.145999999999999908e-01 7.930000000000000382e-01
4.516531157671336838e-01 5.428576280874093385e-01 8.369999999999999662e-01 8.030000000000000471e-01
4.558906848770371556e-01 5.622554143656932624e-01 8.364000000000000323e-01 7.880000000000000338e-01
4.459925478367845475e-01 5.320735458953788077e-01 8.362000000000000544e-01 7.970000000000000417e-01
4.078950632500725759e-01 5.167058805867411619e-01 8.548000000000000043e-01 8.139999999999999458e-01
4.157422693770726485e-01 5.409529340168137690e-01 8.436000000000000165e-01 7.990000000000000435e-01
4.065714986173272760e-01 5.257288615427532230e-01 8.509999999999999787e-01 8.070000000000000506e-01
3.834015822331458545e-01 5.089491867762835353e-01 8.579999999999999849e-01 8.169999999999999485e-01
3.866744438274242746e-01 5.336433682462340400e-01 8.589999999999999858e-01 8.100000000000000533e-01
3.603452737494235447e-01 4.857679860427046026e-01 8.676000000000000378e-01 8.149999999999999467e-01
3.609642929824551372e-01 4.910293246372109399e-01 8.693999999999999506e-01 8.050000000000000488e-01
3.483008200532491938e-01 4.807185775042356335e-01 8.760000000000000009e-01 8.199999999999999512e-01
3.337656259426731720e-01 4.846300678310635490e-01 8.760000000000000009e-01 8.139999999999999458e-01
3.493664405569864573e-01 5.114030167096667023e-01 8.661999999999999700e-01 8.219999999999999529e-01
3.286024168275684665e-01 4.609830522095885175e-01 8.798000000000000265e-01 8.269999999999999574e-01
3.196141621353581486e-01 4.792697902423195822e-01 8.821999999999999842e-01 8.229999999999999538e-01
3.216612531504030592e-01 4.811422996079874337e-01 8.803999999999999604e-01 8.209999999999999520e-01
3.272874517359661284e-01 4.719875604585196394e-01 8.828000000000000291e-01 8.219999999999999529e-01
3.009227134152606675e-01 4.744875653308168739e-01 8.901999999999999913e-01 8.189999999999999503e-01
3.012281887849965201e-01 4.919639492832976191e-01 8.850000000000000089e-01 8.329999999999999627e-01
3.127538426923395232e-01 4.959491947803233991e-01 8.858000000000000318e-01 8.149999999999999467e-01
2.791152884536042267e-01 4.781697402300625344e-01 8.930000000000000160e-01 8.249999999999999556e-01
2.781558856888281528e-01 4.779265847822282143e-01 8.991999999999999993e-01 8.229999999999999538e-01
3.007328709341720585e-01 4.905700717871479544e-01 8.866000000000000547e-01 8.209999999999999520e-01
2.731916183617829064e-01 4.510358852870281487e-01 8.961999999999999966e-01 8.379999999999999671e-01
2.637674523623255163e-01 4.577737260380727591e-01 9.003999999999999782e-01 8.309999999999999609e-01
2.646979973131492470e-01 4.787514997113288540e-01 9.023999999999999799e-01 8.349999999999999645e-01
2.639927469189103371e-01 4.701216054643974629e-01 9.045999999999999597e-01 8.339999999999999636e-01
2.517670775666413507e-01 4.599562773383145120e-01 9.075999999999999623e-01 8.369999999999999662e-01
2.731873365169565915e-01 4.752972560959691228e-01 8.978000000000000425e-01 8.279999999999999583e-01
2.644498054756971861e-01 5.317693238859286797e-01 8.995999999999999552e-01 8.249999999999999556e-01
2.596410109713071512e-01 4.667099337085364175e-01 8.955999999999999517e-01 8.289999999999999591e-01
2.444549835974605123e-01 4.748241172810304667e-01 9.095999999999999641e-01 8.249999999999999556e-01
2.476465178827089719e-01 4.694440269372661678e-01 9.108000000000000540e-01 8.329999999999999627e-01
2.483010651567190419e-01 4.621566554803526738e-01 9.053999999999999826e-01 8.269999999999999574e-01
2.756404541145711096e-01 5.026073005360830459e-01 8.970000000000000195e-01 8.199999999999999512e-01
2.327286640777816162e-01 4.658042821913496723e-01 9.145999999999999686e-01 8.299999999999999600e-01
2.540211640131067039e-01 4.750911760530976968e-01 9.070000000000000284e-01 8.319999999999999618e-01
2.457292538747152255e-01 4.690050142146783840e-01 9.070000000000000284e-01 8.319999999999999618e-01
2.410792766944502008e-01 4.565250769696124200e-01 9.135999999999999677e-01 8.339999999999999636e-01
2.298267926453375354e-01 4.632249555926029050e-01 9.130000000000000338e-01 8.379999999999999671e-01
2.193406897252987153e-01 4.302764083270771978e-01 9.175999999999999712e-01 8.399999999999999689e-01
2.101244925185767887e-01 4.485683914503129088e-01 9.217999999999999527e-01 8.339999999999999636e-01
2.257350532985042402e-01 4.699179560959774182e-01 9.132000000000000117e-01 8.289999999999999591e-01
2.455207701828234779e-01 5.135743565182100401e-01 9.045999999999999597e-01 8.259999999999999565e-01
2.126176884226149144e-01 4.734544792790166823e-01 9.233999999999999986e-01 8.289999999999999591e-01
2.406734153708788571e-01 4.870273028357606782e-01 9.088000000000000522e-01 8.169999999999999485e-01
2.088456334249610413e-01 4.517035522731952524e-01 9.262000000000000233e-01 8.349999999999999645e-01
2.450328232986495047e-01 5.069942792238896212e-01 9.073999999999999844e-01 8.249999999999999556e-01
2.394880072703108320e-01 4.950002947485836469e-01 9.090000000000000302e-01 8.309999999999999609e-01
2.211720822333278214e-01 4.758508174630793341e-01 9.203999999999999959e-01 8.259999999999999565e-01
2.035894330236851513e-01 4.677181107719333153e-01 9.262000000000000233e-01 8.329999999999999627e-01
2.130847053428013560e-01 4.938946599344485322e-01 9.202000000000000179e-01 8.319999999999999618e-01
1.887141132753805406e-01 4.627014227322966966e-01 9.347999999999999643e-01 8.329999999999999627e-01
1.950425896450436458e-01 4.799022133318648908e-01 9.264000000000000012e-01 8.329999999999999627e-01
2.117047822866169604e-01 4.892364468322780158e-01 9.242000000000000215e-01 8.349999999999999645e-01
2.040292939655000415e-01 4.852508031831622159e-01 9.233999999999999986e-01 8.399999999999999689e-01
1.973235309828082762e-01 4.915633354306447877e-01 9.250000000000000444e-01 8.339999999999999636e-01
1.767457834122322380e-01 4.566012424447609686e-01 9.370000000000000551e-01 8.359999999999999654e-01
1.821416908359843601e-01 4.765473154945858436e-01 9.334000000000000075e-01 8.409999999999999698e-01
1.767149362907164678e-01 4.631291819321034509e-01 9.397999999999999687e-01 8.459999999999999742e-01
1.690864582618120671e-01 4.709969370366976493e-01 9.415999999999999925e-01 8.329999999999999627e-01
1.638701391064852630e-01 4.626789325992726742e-01 9.425999999999999934e-01 8.409999999999999698e-01
1.775466719307519370e-01 4.697166626927589683e-01 9.340000000000000524e-01 8.429999999999999716e-01
1.702574792767784506e-01 4.901513297194606267e-01 9.402000000000000357e-01 8.339999999999999636e-01
1.601838764128983017e-01 4.790971991853167355e-01 9.407999999999999696e-01 8.409999999999999698e-01
1.740344494595591485e-01 4.806642471289809815e-01 9.344000000000000083e-01 8.339999999999999636e-01
1.870252618523902954e-01 4.904021311684873541e-01 9.337999999999999634e-01 8.339999999999999636e-01
1.689291959003963173e-01 4.691653191134919632e-01 9.394000000000000128e-01 8.389999999999999680e-01
1.796414414926812142e-01 4.747681260626346322e-01 9.307999999999999607e-01 8.359999999999999654e-01
1.444539643024091990e-01 4.703619896510380927e-01 9.489999999999999547e-01 8.549999999999999822e-01
2.372799350899419124e-01 5.725168873219425025e-01 9.018000000000000460e-01 8.219999999999999529e-01
1.515387976646903057e-01 4.564778314451360952e-01 9.462000000000000410e-01 8.459999999999999742e-01
1.468268683476374736e-01 5.057874199069053445e-01 9.475999999999999979e-01 8.329999999999999627e-01
1.707464277249576279e-01 5.094234863637205901e-01 9.367999999999999661e-01 8.239999999999999547e-01
1.606449121412311942e-01 4.955556443343328010e-01 9.415999999999999925e-01 8.349999999999999645e-01
1.329087015099573998e-01 4.721033941871496942e-01 9.546000000000000041e-01 8.419999999999999707e-01
1.634315824479951051e-01 4.872688822318841928e-01 9.392000000000000348e-01 8.479999999999999760e-01
1.734250328992744117e-01 4.949539144416930658e-01 9.360000000000000542e-01 8.299999999999999600e-01
1.390681019732250556e-01 4.645747832147671952e-01 9.499999999999999556e-01 8.389999999999999680e-01
1.595261674629205040e-01 4.715688809770238743e-01 9.454000000000000181e-01 8.379999999999999671e-01
1.550720295153699968e-01 5.070613198645804731e-01 9.465999999999999970e-01 8.359999999999999654e-01
1.622587779975426525e-01 5.447247175596905411e-01 9.377999999999999670e-01 8.389999999999999680e-01
2.027300943283622814e-01 5.845704206168806927e-01 9.205999999999999739e-01 8.339999999999999636e-01
1.297489450287179491e-01 4.732730810037475422e-01 9.587999999999999856e-01 8.469999999999999751e-01
1.406816601598520344e-01 4.511491493566494593e-01 9.519999999999999574e-01 8.369999999999999662e-01
1.579542783921571991e-01 5.276883457814462997e-01 9.399999999999999467e-01 8.319999999999999618e-01
1.382979260703181001e-01 5.153449369314667683e-01 9.497999999999999776e-01 8.449999999999999734e-01
1.831189867516212488e-01 5.820093516986762916e-01 9.292000000000000259e-01 8.219999999999999529e-01
1.310021794224460190e-01 4.631340022473401374e-01 9.559999999999999609e-01 8.499999999999999778e-01
1.895063991902590783e-01 5.855777508026981382e-01 9.284000000000000030e-01 8.289999999999999591e-01
1.454643365422563783e-01 4.898108166477020409e-01 9.485999999999999988e-01 8.409999999999999698e-01
1.272795806253671780e-01 4.712778758890123210e-01 9.562000000000000499e-01 8.419999999999999707e-01
1.563088314865520578e-01 4.846561449862717419e-01 9.425999999999999934e-01 8.359999999999999654e-01
1.401723970912017447e-01 4.855150354866065165e-01 9.517999999999999794e-01 8.389999999999999680e-01
1.361265890821976854e-01 5.194605406031133077e-01 9.499999999999999556e-01 8.399999999999999689e-01
1.582201523508995067e-01 5.467631531470594775e-01 9.439999999999999503e-01 8.369999999999999662e-01
1.517874361800215510e-01 5.196614597911394240e-01 9.422000000000000375e-01 8.299999999999999600e-01
2.260484946797864381e-01 6.264683197488314370e-01 9.090000000000000302e-01 8.239999999999999547e-01
1.320720950934079208e-01 4.988186573122633249e-01 9.556000000000000050e-01 8.329999999999999627e-01
1.310623308708551704e-01 5.143342631900570394e-01 9.552000000000000490e-01 8.369999999999999662e-01
1.299686289658916749e-01 5.197876889328727490e-01 9.557999999999999829e-01 8.399999999999999689e-01
1.588446443034029487e-01 5.298993474213316013e-01 9.394000000000000128e-01 8.319999999999999618e-01
1.376969444250061847e-01 5.026441312283863594e-01 9.562000000000000499e-01 8.339999999999999636e-01
1.328760738782209239e-01 4.799554628374457788e-01 9.516000000000000014e-01 8.369999999999999662e-01
1.391086157560617320e-01 5.161310502601283989e-01 9.497999999999999776e-01 8.389999999999999680e-01
1.452162159083798254e-01 5.395476654527701088e-01 9.457999999999999741e-01 8.239999999999999547e-01
1.327229771450393891e-01 5.035587281632705192e-01 9.536000000000000032e-01 8.349999999999999645e-01
1.228638823420274834e-01 4.711936412582406475e-01 9.619999999999999662e-01 8.429999999999999716e-01
1.246312008547531547e-01 5.020963382557330767e-01 9.557999999999999829e-01 8.299999999999999600e-01
1.084101625794008650e-01 4.906924954659429572e-01 9.607999999999999874e-01 8.539999999999999813e-01
1.147125059426615801e-01 5.166404508351009062e-01 9.579999999999999627e-01 8.309999999999999609e-01
1.481220411269625059e-01 5.339482705964351261e-01 9.425999999999999934e-01 8.389999999999999680e-01
1.047548808184508573e-01 4.848356113304893023e-01 9.667999999999999927e-01 8.499999999999999778e-01
1.212931262039488728e-01 4.863440349182965305e-01 9.569999999999999618e-01 8.449999999999999734e-01
1.274342836047558658e-01 5.171247260502301879e-01 9.504000000000000226e-01 8.419999999999999707e-01
1.308837529097860719e-01 4.790439382341625252e-01 9.562000000000000499e-01 8.339999999999999636e-01
1.397082331157742663e-01 5.751564526356565121e-01 9.467999999999999750e-01 8.319999999999999618e-01
1.068671991216516709e-01 5.195282210149265723e-01 9.656000000000000139e-01 8.379999999999999671e-01
1.061391009464460189e-01 5.033912621482009575e-01 9.639999999999999680e-01 8.409999999999999698e-01
1.133181689252186347e-01 5.298175945434484557e-01 9.607999999999999874e-01 8.429999999999999716e-01
1.094747005209474600e-01 4.900813425063369477e-01 9.666000000000000147e-01 8.359999999999999654e-01
1.224743878751862053e-01 5.596862131879331015e-01 9.517999999999999794e-01 8.359999999999999654e-01
9.818725715153062139e-02 4.934265184882875577e-01 9.677999999999999936e-01 8.479999999999999760e-01
1.215262335919199133e-01 4.968607489243282993e-01 9.577999999999999847e-01 8.399999999999999689e-01
1.113091620896815293e-01 5.188377160225040585e-01 9.627999999999999892e-01 8.379999999999999671e-01
1.438956993990801458e-01 5.573355742318343298e-01 9.427999999999999714e-01 8.369999999999999662e-01
1.183070037974623401e-01 4.922269022687971729e-01 9.587999999999999856e-01 8.469999999999999751e-01
1.018112572229035589e-01 5.024412843702183995e-01 9.624000000000000332e-01 8.429999999999999716e-01
1.094560018374758081e-01 5.251651147870931569e-01 9.586000000000000076e-01 8.369999999999999662e-01
1.033484594257403216e-01 5.034509844883118257e-01 9.699999999999999734e-01 8.459999999999999742e-01
1.213046134792757774e-01 5.491759935204398868e-01 9.587999999999999856e-01 8.279999999999999583e-01
9.138857753146616136e-02 5.104105703355378276e-01 9.687999999999999945e-01 8.429999999999999716e-01
1.944177676012466549e-01 6.170857285201641895e-01 9.205999999999999739e-01 8.219999999999999529e-01
1.012076777827335822e-01 5.430107129991115222e-01 9.687999999999999945e-01 8.389999999999999680e-01
9.406592781584698082e-02 5.071349592014421370e-01 9.701999999999999513e-01 8.469999999999999751e-01
1.003593490530044346e-01 5.273919890534836119e-01 9.661999999999999478e-01 8.399999999999999689e-01
8.980031627782358861e-02 5.058658944833639426e-01 9.696000000000000174e-01 8.489999999999999769e-01
9.588961757541372699e-02 5.182001215855843723e-01 9.716000000000000192e-01 8.409999999999999698e-01
9.407977548889438768e-02 5.418391940939208951e-01 9.677999999999999936e-01 8.379999999999999671e-01
1.510068237674500879e-01 6.030712955896480043e-01 9.412000000000000366e-01 8.199999999999999512e-01
1.299342814954779490e-01 5.173616728719233615e-01 9.506000000000000005e-01 8.399999999999999689e-01
1.645878303494930084e-01 6.313554836128175696e-01 9.342000000000000304e-01 8.189999999999999503e-01
9.475514178928134967e-02 5.161481375682021033e-01 9.684000000000000385e-01 8.549999999999999822e-01
1.217409523527731435e-01 5.501739593500977188e-01 9.576000000000000068e-01 8.349999999999999645e-01
1.233378171178436816e-01 5.955916992525642772e-01 9.559999999999999609e-01 8.349999999999999645e-01
1.131056396467150504e-01 5.073726188157641204e-01 9.619999999999999662e-01 8.359999999999999654e-01
8.089459624469927390e-02 5.139887757705825511e-01 9.729999999999999760e-01 8.419999999999999707e-01
8.889686075009227417e-02 5.001325830428363650e-01 9.701999999999999513e-01 8.479999999999999760e-01
1.123040816858997398e-01 5.555882219317906934e-01 9.594000000000000306e-01 8.329999999999999627e-01
1.021202020210754680e-01 4.956628839224155314e-01 9.687999999999999945e-01 8.419999999999999707e-01
9.442347746919949047e-02 5.085649024828533538e-01 9.679999999999999716e-01 8.489999999999999769e-01
8.730857126451599393e-02 5.131302381387776723e-01 9.704000000000000403e-01 8.539999999999999813e-01
1.078440670374962856e-01 5.539326602130699717e-01 9.626000000000000112e-01 8.419999999999999707e-01
1.113893990569193443e-01 5.081882171836612505e-01 9.569999999999999618e-01 8.409999999999999698e-01
8.647500360262187769e-02 5.064874185528137618e-01 9.739999999999999769e-01 8.419999999999999707e-01
9.614336119408972703e-02 5.260272112714268200e-01 9.646000000000000130e-01 8.449999999999999734e-01
1.037940797666142834e-01 5.416852376356744436e-01 9.649999999999999689e-01 8.369999999999999662e-01
8.791374542071986320e-02 5.219920176294021719e-01 9.709999999999999742e-01 8.479999999999999760e-01
1.053324365072879770e-01 5.838734500585130993e-01 9.604000000000000314e-01 8.399999999999999689e-01
8.724662957987039391e-02 5.006963881222636914e-01 9.701999999999999513e-01 8.469999999999999751e-01
8.335465575670700233e-02 4.828735656841444124e-01 9.768000000000000016e-01 8.469999999999999751e-01
8.010644297425757732e-02 5.334279799109585829e-01 9.761999999999999567e-01 8.409999999999999698e-01
9.708899655188953093e-02 5.276967826371590231e-01 9.671999999999999487e-01 8.479999999999999760e-01
7.302684330413435065e-02 5.259074896296662693e-01 9.774000000000000465e-01 8.419999999999999707e-01
8.928087723014942190e-02 5.711880896812348007e-01 9.727999999999999980e-01 8.339999999999999636e-01
9.424003518310881955e-02 5.486862780413424012e-01 9.676000000000000156e-01 8.349999999999999645e-01
1.039527815281606066e-01 5.385920193364134301e-01 9.684000000000000385e-01 8.369999999999999662e-01
9.800525451569667978e-02 5.283000135493733929e-01 9.667999999999999927e-01 8.379999999999999671e-01
8.927290392858613921e-02 5.392383129154074695e-01 9.719999999999999751e-01 8.449999999999999734e-01
8.200368046215594786e-02 5.121760385316029840e-01 9.781999999999999584e-01 8.479999999999999760e-01
9.504192367533240149e-02 5.599339461369229332e-01 9.677999999999999936e-01 8.409999999999999698e-01
9.749189329312696328e-02 5.964355667511633818e-01 9.677999999999999936e-01 8.359999999999999654e-01
8.342603125810051090e-02 5.120900019581891005e-01 9.781999999999999584e-01 8.329999999999999627e-01
1.906634595134887034e-01 6.574850341304583345e-01 9.275999999999999801e-01 8.129999999999999449e-01
9.080856488212871169e-02 5.294918306702002253e-01 9.707999999999999963e-01 8.419999999999999707e-01
8.633439565526040971e-02 5.551914762500094191e-01 9.707999999999999963e-01 8.369999999999999662e-01
1.373735519876267130e-01 6.247506517211416366e-01 9.465999999999999970e-01 8.239999999999999547e-01
1.584984365490564318e-01 6.664964599007004997e-01 9.370000000000000551e-01 8.299999999999999600e-01
1.027562288785375116e-01 5.804182611201817998e-01 9.641999999999999460e-01 8.309999999999999609e-01
1.190511117314626971e-01 5.334178061411800620e-01 9.602000000000000535e-01 8.329999999999999627e-01
7.306081880954530539e-02 5.501747412548378957e-01 9.768000000000000016e-01 8.389999999999999680e-01
8.213724706608245552e-02 5.236605021362549239e-01 9.739999999999999769e-01 8.419999999999999707e-01
9.224496925505548672e-02 5.252136952464322439e-01 9.694000000000000394e-01 8.319999999999999618e-01
9.560012524733277339e-02 5.908091188382997849e-01 9.649999999999999689e-01 8.459999999999999742e-01
9.245320548918468939e-02 5.914803329824512845e-01 9.697999999999999954e-01 8.289999999999999591e-01
7.435768781077416179e-02 5.133016440372989431e-01 9.789999999999999813e-01 8.379999999999999671e-01
9.244618002223092823e-02 5.697870260050404978e-01 9.679999999999999716e-01 8.309999999999999609e-01
1.210742459760349859e-01 6.231937105807636712e-01 9.556000000000000050e-01 8.429999999999999716e-01
8.256994031399843281e-02 5.080694793560680544e-01 9.746000000000000218e-01 8.439999999999999725e-01
1.230893797553043456e-01 6.335571197414935352e-01 9.574000000000000288e-01 8.409999999999999698e-01
7.355106888772354468e-02 5.131291829308211039e-01 9.781999999999999584e-01 8.489999999999999769e-01
9.073860337147243715e-02 6.029577910129833018e-01 9.689999999999999725e-01 8.289999999999999591e-01
7.403636409477103164e-02 5.080522203790874824e-01 9.759999999999999787e-01 8.459999999999999742e-01
7.333475477926632013e-02 5.155918286646826720e-01 9.774000000000000465e-01 8.379999999999999671e-01
8.600727758893031427e-02 5.155493416838020648e-01 9.717999999999999972e-01 8.459999999999999742e-01
7.313394251463714579e-02 5.383020320119932256e-01 9.804000000000000492e-01 8.399999999999999689e-01
9.495991030676467770e-02 5.196541774766536559e-01 9.666000000000000147e-01 8.489999999999999769e-01
8.305662349152416468e-02 5.394608842189377862e-01 9.724000000000000421e-01 8.429999999999999716e-01
1.402821698428542152e-01 5.750619870176929549e-01 9.514000000000000234e-01 8.319999999999999618e-01
8.803652732585390273e-02 5.474083756779724030e-01 9.747999999999999998e-01 8.219999999999999529e-01
9.605070620361466638e-02 5.072324177442045778e-01 9.671999999999999487e-01 8.449999999999999734e-01
1.151541137933040776e-01 5.789204912231368239e-01 9.557999999999999829e-01 8.159999999999999476e-01
8.366939341489937343e-02 5.854055345543272004e-01 9.707999999999999963e-01 8.409999999999999698e-01
6.671726492604526659e-02 5.061195417697579302e-01 9.818000000000000060e-01 8.449999999999999734e-01
7.755300467812922816e-02 5.442581709856275651e-01 9.734000000000000430e-01 8.439999999999999725e-01
8.046511245160263559e-02 5.399915729925550689e-01 9.734000000000000430e-01 8.449999999999999734e-01
9.872016177905942880e-02 5.520385176910408420e-01 9.619999999999999662e-01 8.329999999999999627e-01
7.783293062959656394e-02 5.507800847270136746e-01 9.749999999999999778e-01 8.389999999999999680e-01
8.891393272682771021e-02 5.325991251124321257e-01 9.706000000000000183e-01 8.429999999999999716e-01
6.424469759654451162e-02 5.379918399621346214e-01 9.826000000000000290e-01 8.369999999999999662e-01
8.913053550249194767e-02 4.910466592221018889e-01 9.706000000000000183e-01 8.399999999999999689e-01
7.118231556847781638e-02 5.661039883274899820e-01 9.788000000000000034e-01 8.399999999999999689e-01
1.203126026047863922e-01 6.049815717127637882e-01 9.606000000000000094e-01 8.419999999999999707e-01
6.929385986099025063e-02 5.237367916955925073e-01 9.791999999999999593e-01 8.419999999999999707e-01
8.193711571672371297e-02 5.958657288308760736e-01 9.701999999999999513e-01 8.249999999999999556e-01
8.569172739727373700e-02 5.561593201474770432e-01 9.697999999999999954e-01 8.409999999999999698e-01
6.230171957893959611e-02 5.223263777598008417e-01 9.834000000000000519e-01 8.519999999999999796e-01
7.305851329511395265e-02 5.106354148401001103e-01 9.754000000000000448e-01 8.339999999999999636e-01
7.404914452600147579e-02 5.146037121364887001e-01 9.769999999999999796e-01 8.549999999999999822e-01
6.869871844673100525e-02 5.487723338174416154e-01 9.794000000000000483e-01 8.449999999999999734e-01
1.043855077635424539e-01 6.060028209136848476e-01 9.599999999999999645e-01 8.239999999999999547e-01
6.661671576299242614e-02 5.399308967603875242e-01 9.808000000000000052e-01 8.439999999999999725e-01
1.061141661107197071e-01 6.096327418014989563e-01 9.589999999999999636e-01 8.329999999999999627e-01
7.799305299823208748e-02 5.074261921006155696e-01 9.771999999999999575e-01 8.429999999999999716e-01
1.050202542965872898e-01 5.715882138358020503e-01 9.622000000000000552e-01 8.389999999999999680e-01
7.856491107434895871e-02 5.524875119897416642e-01 9.746000000000000218e-01 8.439999999999999725e-01
7.741912959840671626e-02 5.935564664968293602e-01 9.768000000000000016e-01 8.349999999999999645e-01
8.266388566053174680e-02 5.890666907172638078e-01 9.684000000000000385e-01 8.379999999999999671e-01
7.521556502878171124e-02 5.694262017438397327e-01 9.734000000000000430e-01 8.409999999999999698e-01
6.423453831869907482e-02 5.830257929369352388e-01 9.808000000000000052e-01 8.379999999999999671e-01
6.804160487988021588e-02 5.206893572792067326e-01 9.799999999999999822e-01 8.379999999999999671e-01
7.317007974711355056e-02 5.771925018158355902e-01 9.769999999999999796e-01 8.449999999999999734e-01
6.560255897430611327e-02 5.337270009786857505e-01 9.814000000000000501e-01 8.419999999999999707e-01
6.855197667247056592e-02 5.378548898442938597e-01 9.786000000000000254e-01 8.519999999999999796e-01
8.433535685207034505e-02 5.891526139797271799e-01 9.691999999999999504e-01 8.429999999999999716e-01
1.055664934092738344e-01 5.796083445522783872e-01 9.602000000000000535e-01 8.369999999999999662e-01
7.245056474885086528e-02 5.940276686043547416e-01 9.768000000000000016e-01 8.319999999999999618e-01
8.295937910781844837e-02 5.700386367016412326e-01 9.736000000000000210e-01 8.339999999999999636e-01
7.455717269228513688e-02 5.597568442717149040e-01 9.746000000000000218e-01 8.569999999999999840e-01
8.919412968563260324e-02 5.808457281345322798e-01 9.669999999999999707e-01 8.389999999999999680e-01
8.796239816742447426e-02 6.169783188929995887e-01 9.679999999999999716e-01 8.399999999999999689e-01
7.241510234929092460e-02 5.836823944512714579e-01 9.754000000000000448e-01 8.379999999999999671e-01
8.166520667705319536e-02 5.553485527231774022e-01 9.759999999999999787e-01 8.339999999999999636e-01
6.533849378151784792e-02 5.179759234730881845e-01 9.829999999999999849e-01 8.489999999999999769e-01
7.100563922686004004e-02 5.394139103689373771e-01 9.758000000000000007e-01 8.349999999999999645e-01
7.570026565665452511e-02 5.298125093346084391e-01 9.758000000000000007e-01 8.359999999999999654e-01
8.044098799446773584e-02 5.344687758457128401e-01 9.711999999999999522e-01 8.349999999999999645e-01
6.386827315766797908e-02 5.653617827547828822e-01 9.826000000000000290e-01 8.439999999999999725e-01
7.109603101033006023e-02 5.914260032554482516e-01 9.776000000000000245e-01 8.459999999999999742e-01
8.747542684264851542e-02 5.349600214577397983e-01 9.721999999999999531e-01 8.309999999999999609e-01
6.893725527807660625e-02 4.963334336721514917e-01 9.786000000000000254e-01 8.389999999999999680e-01
6.613440675224019349e-02 5.927845461661941373e-01 9.781999999999999584e-01 8.379999999999999671e-01
1.111831754627801011e-01 6.688073682150752486e-01 9.539999999999999591e-01 8.239999999999999547e-01
6.294725479270826818e-02 5.524250564938226749e-01 9.818000000000000060e-01 8.459999999999999742e-01
6.435858736456982754e-02 5.522470925760906146e-01 9.826000000000000290e-01 8.439999999999999725e-01
6.316206056411867442e-02 5.366511632870656356e-01 9.834000000000000519e-01 8.429999999999999716e-01
6.265826278304061081e-02 5.368953679700527726e-01 9.821999999999999620e-01 8.499999999999999778e-01
7.111347436601332672e-02 5.373594111031595455e-01 9.794000000000000483e-01 8.429999999999999716e-01
7.665224242747986638e-02 5.604203110271551713e-01 9.768000000000000016e-01 8.389999999999999680e-01
8.715150260602469445e-02 6.082682349106378616e-01 9.646000000000000130e-01 8.229999999999999538e-01
7.243886198026210088e-02 5.396724181145440280e-01 9.737999999999999989e-01 8.429999999999999716e-01
1.011404215419835911e-01 5.974682567858554672e-01 9.649999999999999689e-01 8.409999999999999698e-01
7.960687666206163471e-02 5.155683603151661742e-01 9.726000000000000201e-01 8.479999999999999760e-01
7.005820312422325613e-02 5.498033636803959512e-01 9.761999999999999567e-01 8.469999999999999751e-01
9.475302693355852623e-02 5.344957414115831806e-01 9.659999999999999698e-01 8.369999999999999662e-01
8.770115839671910329e-02 5.454972711953134379e-01 9.671999999999999487e-01 8.509999999999999787e-01
4.980896355206113763e-02 5.589571710955317796e-01 9.869999999999999885e-01 8.349999999999999645e-01
6.015808044757670753e-02 5.712463776048387620e-01 9.826000000000000290e-01 8.349999999999999645e-01
7.892474850311134715e-02 5.255463912529819703e-01 9.737999999999999989e-01 8.359999999999999654e-01
7.851926619084129144e-02 5.871517876566344496e-01 9.716000000000000192e-01 8.379999999999999671e-01
5.834354089799214521e-02 5.492668005347980387e-01 9.831999999999999629e-01 8.449999999999999734e-01
7.264021592202307698e-02 5.666583580499754413e-01 9.761999999999999567e-01 8.469999999999999751e-01
5.768795064783314303e-02 5.175511315593238626e-01 9.826000000000000290e-01 8.419999999999999707e-01
5.204798867869085688e-02 5.156114403597326090e-01 9.871999999999999664e-01 8.479999999999999760e-01
6.734781372768333663e-02 5.253983953159462317e-01 9.818000000000000060e-01 8.449999999999999734e-01
7.751871325974037108e-02 5.536339242218966117e-01 9.724000000000000421e-01 8.319999999999999618e-01
5.659000044350873115e-02 5.324812886935049727e-01 9.839999999999999858e-01 8.449999999999999734e-01
7.847545556946254608e-02 5.404270393260238725e-01 9.729999999999999760e-01 8.389999999999999680e-01
6.633481130906875023e-02 5.501542255990022889e-01 9.756000000000000227e-01 8.429999999999999716e-01
7.758359544515583406e-02 5.841123587188041810e-01 9.727999999999999980e-01 8.289999999999999591e-01
9.264757389735961413e-02 6.079723100855728424e-01 9.707999999999999963e-01 8.289999999999999591e-01
6.441863969568860371e-02 5.077403553175592332e-01 9.816000000000000281e-01 8.349999999999999645e-01
6.150334330493891638e-02 5.353966664618712290e-01 9.814000000000000501e-01 8.529999999999999805e-01
9.009795689350551251e-02 5.587962004485711454e-01 9.684000000000000385e-01 8.309999999999999609e-01
5.760912621039785547e-02 5.739203155507105469e-01 9.816000000000000281e-01 8.509999999999999787e-01
6.404721957526089693e-02 5.033836425376773116e-01 9.851999999999999647e-01 8.429999999999999716e-01
6.476119535880120459e-02 5.428510294467593367e-01 9.831999999999999629e-01 8.309999999999999609e-01
8.100787084442068187e-02 5.275347479647262139e-01 9.751999999999999558e-01 8.329999999999999627e-01
5.978047298479065991e-02 5.423219418086764332e-01 9.836000000000000298e-01 8.439999999999999725e-01
1.099569907132306040e-01 6.444953435114473272e-01 9.606000000000000094e-01 8.229999999999999538e-01
5.018876257749937259e-02 5.562964068922223726e-01 9.876000000000000334e-01 8.459999999999999742e-01
5.942133960763176098e-02 5.610861278209999803e-01 9.834000000000000519e-01 8.399999999999999689e-01
6.078969532122714681e-02 5.690047757257357119e-01 9.796000000000000263e-01 8.409999999999999698e-01
6.188163438958570184e-02 5.966220386642692164e-01 9.796000000000000263e-01 8.459999999999999742e-01
7.644052208121981939e-02 6.239288556199437119e-01 9.719999999999999751e-01 8.399999999999999689e-01
6.767104872306127505e-02 5.622955354932746008e-01 9.768000000000000016e-01 8.509999999999999787e-01
8.564335549577509199e-02 5.355468466167752073e-01 9.724000000000000421e-01 8.329999999999999627e-01
5.509961947320332620e-02 5.297563714024033921e-01 9.836000000000000298e-01 8.439999999999999725e-01
6.151428087242125087e-02 5.630246067192740123e-01 9.798000000000000043e-01 8.359999999999999654e-01
7.353614210993980604e-02 5.656666660343837583e-01 9.739999999999999769e-01 8.429999999999999716e-01
6.039918676621584825e-02 6.196500628337768823e-01 9.811999999999999611e-01 8.389999999999999680e-01
6.531372101667359820e-02 5.641997352078385042e-01 9.761999999999999567e-01 8.429999999999999716e-01
7.618069378875409747e-02 5.951019639073398260e-01 9.737999999999999989e-01 8.299999999999999600e-01
5.403095291426885521e-02 5.759221056801067107e-01 9.801999999999999602e-01 8.459999999999999742e-01
6.628942908887118513e-02 5.790028849839645719e-01 9.806000000000000272e-01 8.339999999999999636e-01
7.148492917585179407e-02 5.303784200070882360e-01 9.776000000000000245e-01 8.359999999999999654e-01
5.523089327982088487e-02 5.505449472077537099e-01 9.861999999999999655e-01 8.429999999999999716e-01
8.267351712436124545e-02 6.167538508968773980e-01 9.706000000000000183e-01 8.449999999999999734e-01
1.067355217940404583e-01 6.292752392325937638e-01 9.564000000000000279e-01 8.299999999999999600e-01
5.227352747901548718e-02 5.570172341645844849e-01 9.854000000000000536e-01 8.469999999999999751e-01
5.524820032620268717e-02 6.084290513742967033e-01 9.829999999999999849e-01 8.349999999999999645e-01
5.037400011021014173e-02 5.446186014246983120e-01 9.874000000000000554e-01 8.439999999999999725e-01
5.852639576181174752e-02 5.596029970131127795e-01 9.826000000000000290e-01 8.449999999999999734e-01
8.008525206758899950e-02 5.905981475754976673e-01 9.699999999999999734e-01 8.419999999999999707e-01
8.632472288186383846e-02 6.330274174413250687e-01 9.677999999999999936e-01 8.329999999999999627e-01
5.043494986706391348e-02 5.671310825983495452e-01 9.861999999999999655e-01 8.499999999999999778e-01
5.911933701400028107e-02 5.390590365057023048e-01 9.844000000000000528e-01 8.409999999999999698e-01
4.957795313734331133e-02 5.450380308640071503e-01 9.854000000000000536e-01 8.459999999999999742e-01
5.858282667101247926e-02 5.762732058880433161e-01 9.841999999999999638e-01 8.369999999999999662e-01
7.507353113647470544e-02 5.852170145413239100e-01 9.731999999999999540e-01 8.429999999999999716e-01
7.652339033575479565e-02 6.384440981430289375e-01 9.724000000000000421e-01 8.239999999999999547e-01
6.721031231618977697e-02 5.929545512249778660e-01 9.774000000000000465e-01 8.239999999999999547e-01
5.008886495320302029e-02 5.617124914489933785e-01 9.869999999999999885e-01 8.409999999999999698e-01
1.078199323155124567e-01 5.868667530805503629e-01 9.596000000000000085e-01 8.389999999999999680e-01
7.049671724269328255e-02 5.662588902822618397e-01 9.781999999999999584e-01 8.399999999999999689e-01
8.481752298435395188e-02 5.724012095605086614e-01 9.714000000000000412e-01 8.409999999999999698e-01
5.860064953189804415e-02 5.599015880346270846e-01 9.811999999999999611e-01 8.519999999999999796e-01
7.086175422714366401e-02 6.233636146978647208e-01 9.741999999999999549e-01 8.439999999999999725e-01
4.498633462419177054e-02 5.519547126937968118e-01 9.896000000000000352e-01 8.489999999999999769e-01
1.295894165267207632e-01 7.031364641136746974e-01 9.572000000000000508e-01 8.269999999999999574e-01
9.423184034741775850e-02 6.776364655624006472e-01 9.656000000000000139e-01 8.369999999999999662e-01
1.120162175936379734e-01 6.634435966305038956e-01 9.576000000000000068e-01 8.279999999999999583e-01
5.691034334852173443e-02 5.903524457269163639e-01 9.844000000000000528e-01 8.409999999999999698e-01
6.584670680020096589e-02 5.738458881558290425e-01 9.784000000000000474e-01 8.389999999999999680e-01
5.813427221912094434e-02 6.397292522831939943e-01 9.809999999999999831e-01 8.279999999999999583e-01
4.104753840191129044e-02 5.557148540540045589e-01 9.913999999999999480e-01 8.459999999999999742e-01
9.520621462543135682e-02 6.582811981398574153e-01 9.699999999999999734e-01 8.289999999999999591e-01
5.208477289296175455e-02 5.717427405924426775e-01 9.844000000000000528e-01 8.389999999999999680e-01
9.810941874687574560e-02 6.208095270838639435e-01 9.627999999999999892e-01 8.339999999999999636e-01
8.167348607004043526e-02 5.616551967412265478e-01 9.704000000000000403e-01 8.309999999999999609e-01
5.939613790062791415e-02 6.118705087534729303e-01 9.789999999999999813e-01 8.459999999999999742e-01
5.217384314401245921e-02 5.364660529107843079e-01 9.866000000000000325e-01 8.509999999999999787e-01
5.626317463142752051e-02 5.660178939510664975e-01 9.828000000000000069e-01 8.429999999999999716e-01
6.124018318118858162e-02 6.040475514985812477e-01 9.784000000000000474e-01 8.399999999999999689e-01
7.789146362321530681e-02 5.623142091663791975e-01 9.724000000000000421e-01 8.349999999999999645e-01
7.975885047907599334e-02 6.177488362126308807e-01 9.719999999999999751e-01 8.299999999999999600e-01
6.474037277813665670e-02 5.885649272076730609e-01 9.778000000000000025e-01 8.339999999999999636e-01
8.471337474577785021e-02 5.812447114566166029e-01 9.654000000000000359e-01 8.319999999999999618e-01
6.851759268217556820e-02 5.630853132523735427e-01 9.796000000000000263e-01 8.439999999999999725e-01
5.162933331781582869e-02 5.691129244452818314e-01 9.864000000000000545e-01 8.449999999999999734e-01
5.271864806267204800e-02 5.765391308080078936e-01 9.858000000000000096e-01 8.429999999999999716e-01
9.801009909304037038e-02 5.905893342633276033e-01 9.657999999999999918e-01 8.309999999999999609e-01
5.096755548029927030e-02 5.470996920360011728e-01 9.861999999999999655e-01 8.499999999999999778e-01
7.484814542000770010e-02 6.042926588508209518e-01 9.734000000000000430e-01 8.299999999999999600e-01
7.674879593146333168e-02 5.684174322286458247e-01 9.704000000000000403e-01 8.449999999999999734e-01
6.494591332574238540e-02 5.499152973612717599e-01 9.789999999999999813e-01 8.379999999999999671e-01
5.618309963036987459e-02 5.157020810515173803e-01 9.851999999999999647e-01 8.459999999999999742e-01
5.528101471226966324e-02 6.001859008781116334e-01 9.831999999999999629e-01 8.499999999999999778e-01
5.243689423006427097e-02 5.489186923146194275e-01 9.844000000000000528e-01 8.339999999999999636e-01
9.195251935806601773e-02 5.962890368537603347e-01 9.694000000000000394e-01 8.279999999999999583e-01
7.150190353430202483e-02 6.220037665972254493e-01 9.764000000000000457e-01 8.369999999999999662e-01
6.337846670253952097e-02 5.832583077374529079e-01 9.799999999999999822e-01 8.349999999999999645e-01
5.324930051369528017e-02 5.924375630493738942e-01 9.841999999999999638e-01 8.509999999999999787e-01
5.640526437038784896e-02 5.450176105603663501e-01 9.809999999999999831e-01 8.479999999999999760e-01
5.019533734222271504e-02 5.662715988048314664e-01 9.871999999999999664e-01 8.529999999999999805e-01
4.436508780392024731e-02 5.815383439755030803e-01 9.866000000000000325e-01 8.329999999999999627e-01
5.191207492771891113e-02 5.498081355376612800e-01 9.828000000000000069e-01 8.419999999999999707e-01
5.176605766797656716e-02 6.410119280065229574e-01 9.838000000000000078e-01 8.349999999999999645e-01
6.377833010803936331e-02 5.765832775216407358e-01 9.796000000000000263e-01 8.389999999999999680e-01
7.631081933621096380e-02 5.612525506741169457e-01 9.736000000000000210e-01 8.409999999999999698e-01
5.170957823967471667e-02 5.757647914534193001e-01 9.846000000000000307e-01 8.419999999999999707e-01
9.501284615317262539e-02 6.856384129299215591e-01 9.677999999999999936e-01 8.309999999999999609e-01
5.155628324756739850e-02 6.005768290495439032e-01 9.841999999999999638e-01 8.429999999999999716e-01
5.457254008674377460e-02 6.332067328868383749e-01 9.826000000000000290e-01 8.459999999999999742e-01
6.386619786158644063e-02 5.492641052156440606e-01 9.804000000000000492e-01 8.399999999999999689e-01
4.062293078228666754e-02 5.748381309153250962e-01 9.898000000000000131e-01 8.449999999999999734e-01
1.240428449898970942e-01 6.994538978616064995e-01 9.537999999999999812e-01 8.199999999999999512e-01
5.019822744637207623e-02 5.608583917526900331e-01 9.859999999999999876e-01 8.529999999999999805e-01
6.051014508050132218e-02 5.777846460131395023e-01 9.819999999999999840e-01 8.419999999999999707e-01
6.044451088178034309e-02 5.540795947984890057e-01 9.854000000000000536e-01 8.369999999999999662e-01
5.994405666186428117e-02 6.021439139287420028e-01 9.809999999999999831e-01 8.299999999999999600e-01
5.941280207800170993e-02 5.865953744652636637e-01 9.826000000000000290e-01 8.399999999999999689e-01
1.011247550861487376e-01 6.327282686278007384e-01 9.637999999999999901e-01 8.289999999999999591e-01
7.220825298206959286e-02 5.984089295252897900e-01 9.778000000000000025e-01 8.419999999999999707e-01
6.716777879454917388e-02 5.647941455540556044e-01 9.804000000000000492e-01 8.459999999999999742e-01
5.329254939593605633e-02 6.249148169538750741e-01 9.841999999999999638e-01 8.389999999999999680e-01
7.733411056717851007e-02 5.915189237400081401e-01 9.747999999999999998e-01 8.399999999999999689e-01
7.561702904445953555e-02 6.223774504977975797e-01 9.714000000000000412e-01 8.419999999999999707e-01
6.380251393303112972e-02 5.689667203639950932e-01 9.811999999999999611e-01 8.419999999999999707e-01
7.234647185149638282e-02 6.344364946338822975e-01 9.746000000000000218e-01 8.299999999999999600e-01
5.854384365460672118e-02 5.920537391500959590e-01 9.808000000000000052e-01 8.419999999999999707e-01
