2.280302671943297721e+00 2.286717366782133443e+00 1.787999999999999867e-01 1.539999999999999980e-01
1.531695665230646375e+00 1.538841536957662903e+00 4.716000000000000192e-01 4.440000000000000058e-01
9.452967091272663769e-01 9.616691563759787176e-01 6.445999999999999508e-01 6.330000000000000071e-01
7.506472458853994389e-01 7.752150821806456094e-01 7.226000000000000201e-01 7.199999999999999734e-01
6.904943441258426517e-01 7.353208941121265330e-01 7.301999999999999602e-01 7.109999999999999654e-01
5.969198375358174546e-01 6.437954627700354093e-01 7.793999999999999817e-01 7.750000000000000222e-01
5.963870505813514411e-01 6.572958086037949954e-01 7.748000000000000442e-01 7.630000000000000115e-01
5.219950465914734439e-01 6.111986880024773416e-01 7.997999999999999554e-01 7.660000000000000142e-01
5.125612605557547941e-01 5.880755982113325953e-01 8.112000000000000322e-01 7.870000000000000329e-01
4.846718011167264195e-01 5.717898938900869421e-01 8.227999999999999758e-01 7.940000000000000391e-01
4.530053859995037957e-01 5.422074388769331232e-01 8.306000000000000050e-01 7.940000000000000391e-01
4.442181914309584756e-01 5.514319100530631346e-01 8.364000000000000323e-01 7.920000000000000373e-01
4.092746275693693869e-01 5.422847194195419274e-01 8.479999999999999760e-01 8.129999999999999449e-01
3.944984259847759689e-01 5.242407631523107181e-01 8.524000000000000465e-01 8.129999999999999449e-01
4.086417277612180987e-01 5.248437800742375980e-01 8.538000000000000034e-01 8.110000000000000542e-01
4.140079127168732054e-01 5.486863577115899115e-01 8.352000000000000535e-01 7.880000000000000338e-01
3.692942525450472746e-01 5.010684700937054759e-01 8.659999999999999920e-01 8.189999999999999503e-01
3.657580945442070464e-01 5.090835919699316925e-01 8.631999999999999673e-01 8.100000000000000533e-01
3.478957430649945448e-01 4.940808540468792920e-01 8.719999999999999973e-01 8.229999999999999538e-01
3.350811988026910493e-01 5.046108150762351752e-01 8.763999999999999568e-01 8.149999999999999467e-01
3.556056745273510344e-01 5.029014830406667302e-01 8.683999999999999497e-01 8.209999999999999520e-01
3.381669768905751217e-01 4.975850535199939362e-01 8.729999999999999982e-01 8.259999999999999565e-01
3.340976453208442942e-01 4.974846200641507843e-01 8.773999999999999577e-01 8.239999999999999547e-01
3.241950320536511887e-01 4.838585433295361504e-01 8.758000000000000229e-01 8.219999999999999529e-01
3.073015727991302848e-01 4.878638197388809883e-01 8.843999999999999639e-01 8.199999999999999512e-01
2.947227801562742333e-01 4.669001840456532548e-01 8.935999999999999499e-01 8.199999999999999512e-01
3.201714865512491071e-01 4.996561696617716208e-01 8.798000000000000265e-01 8.149999999999999467e-01
3.084153800395419420e-01 4.862124231490749238e-01 8.826000000000000512e-01 8.249999999999999556e-01
3.082004855403963073e-01 4.874016967092863473e-01 8.858000000000000318e-01 8.309999999999999609e-01
3.063297015647850619e-01 4.865599100244462627e-01 8.823999999999999622e-01 8.269999999999999574e-01
2.892344510000033342e-01 4.899268254714058690e-01 8.893999999999999684e-01 8.259999999999999565e-01
2.661141840348524856e-01 4.720957245107184619e-01 9.010000000000000231e-01 8.309999999999999609e-01
2.767164865809990104e-01 4.839957485306587426e-01 8.950000000000000178e-01 8.219999999999999529e-01
2.769397389532793352e-01 4.940978649333634398e-01 8.953999999999999737e-01 8.299999999999999600e-01
2.730158052653781087e-01 4.845364845037420376e-01 8.978000000000000425e-01 8.329999999999999627e-01
2.455736395836037866e-01 4.690240981660853681e-01 9.085999999999999632e-01 8.339999999999999636e-01
2.761017107455399633e-01 4.944917718006501817e-01 8.961999999999999966e-01 8.309999999999999609e-01
2.857697515611429817e-01 5.191230471143819525e-01 8.890000000000000124e-01 8.209999999999999520e-01
2.412230575843810065e-01 4.449341517153239667e-01 9.102000000000000091e-01 8.369999999999999662e-01
2.369804003405682202e-01 4.633518634814287607e-01 9.120000000000000329e-01 8.399999999999999689e-01
3.076452315864781628e-01 5.561526774852521005e-01 8.786000000000000476e-01 8.199999999999999512e-01
2.266393829751664202e-01 4.678653897834284536e-01 9.143999999999999906e-01 8.339999999999999636e-01
2.437107152205092997e-01 4.724268789840895821e-01 9.085999999999999632e-01 8.439999999999999725e-01
2.294356390865314177e-01 4.636257133579048673e-01 9.150000000000000355e-01 8.449999999999999734e-01
2.548683159035116108e-01 5.054112713918712529e-01 9.035999999999999588e-01 8.279999999999999583e-01
2.389876813485667384e-01 4.761734936395322082e-01 9.112000000000000099e-01 8.359999999999999654e-01
2.378536296261258842e-01 5.096274490952543701e-01 9.098000000000000531e-01 8.289999999999999591e-01
2.369725151852998812e-01 5.067755335421915142e-01 9.100000000000000311e-01 8.279999999999999583e-01
2.251350753010271655e-01 4.467921126575241098e-01 9.213999999999999968e-01 8.389999999999999680e-01
2.391342927068068058e-01 4.776113364186632126e-01 9.080000000000000293e-01 8.359999999999999654e-01
2.235743366558660405e-01 4.806890605725426813e-01 9.197999999999999510e-01 8.359999999999999654e-01
2.138009512633693154e-01 4.496618363178154221e-01 9.243999999999999995e-01 8.379999999999999671e-01
2.505726189071511012e-01 4.991090234190800334e-01 9.050000000000000266e-01 8.319999999999999618e-01
2.102101050319506725e-01 4.512941027624355339e-01 9.254000000000000004e-01 8.459999999999999742e-01
2.114847245299318335e-01 4.660833753059006046e-01 9.223999999999999977e-01 8.379999999999999671e-01
1.942362277498719814e-01 4.556931506118484521e-01 9.270000000000000462e-01 8.459999999999999742e-01
2.161766035391529395e-01 4.730320464020876248e-01 9.212000000000000188e-01 8.399999999999999689e-01
2.299336346337780834e-01 4.921816409521955205e-01 9.163999999999999924e-01 8.289999999999999591e-01
1.966590784440763739e-01 4.673284541336359954e-01 9.270000000000000462e-01 8.489999999999999769e-01
2.085520141256533289e-01 4.527391417395235651e-01 9.210000000000000409e-01 8.489999999999999769e-01
2.118478196160554494e-01 4.983817508620607684e-01 9.215999999999999748e-01 8.359999999999999654e-01
2.197135816988285972e-01 5.123780948329809126e-01 9.122000000000000108e-01 8.399999999999999689e-01
1.847991405363805240e-01 4.540261292143573102e-01 9.325999999999999845e-01 8.439999999999999725e-01
1.942492158629862964e-01 5.043487559393603492e-01 9.290000000000000480e-01 8.409999999999999698e-01
1.886171738009146115e-01 4.620050310856254061e-01 9.332000000000000295e-01 8.429999999999999716e-01
2.028126744775468615e-01 4.931929923805773996e-01 9.220000000000000417e-01 8.319999999999999618e-01
1.975330728789266854e-01 4.620172835207473350e-01 9.314000000000000057e-01 8.389999999999999680e-01
1.780791329634027198e-01 4.784649016718643955e-01 9.360000000000000542e-01 8.409999999999999698e-01
1.711138919517570522e-01 4.763658770598179215e-01 9.415999999999999925e-01 8.459999999999999742e-01
1.783585453701567458e-01 4.721188156548103976e-01 9.374000000000000110e-01 8.309999999999999609e-01
1.745799612911733689e-01 4.605002755234632317e-01 9.415999999999999925e-01 8.369999999999999662e-01
2.130109707694387844e-01 5.388219556875694094e-01 9.197999999999999510e-01 8.219999999999999529e-01
1.682430808041369685e-01 4.925952711336428758e-01 9.397999999999999687e-01 8.329999999999999627e-01
1.828769353112766616e-01 4.660016297971351640e-01 9.347999999999999643e-01 8.549999999999999822e-01
2.086763829922378966e-01 5.488535338172857436e-01 9.202000000000000179e-01 8.259999999999999565e-01
1.559158641927127775e-01 4.463734923204705218e-01 9.434000000000000163e-01 8.469999999999999751e-01
1.760706768704619340e-01 5.065347200038153863e-01 9.334000000000000075e-01 8.339999999999999636e-01
1.605308809514736923e-01 4.580566619535033079e-01 9.462000000000000410e-01 8.449999999999999734e-01
1.596516268491338375e-01 4.938327945330246438e-01 9.432000000000000384e-01 8.439999999999999725e-01
1.653859481029500422e-01 4.681495205226982592e-01 9.407999999999999696e-01 8.409999999999999698e-01
1.624000562844772622e-01 5.113880265874307662e-01 9.362000000000000322e-01 8.379999999999999671e-01
1.838209975981948685e-01 5.049144215329975927e-01 9.284000000000000030e-01 8.269999999999999574e-01
1.558792496046199072e-01 4.960272904880980716e-01 9.414000000000000146e-01 8.459999999999999742e-01
1.561681633166084882e-01 4.659000222808468150e-01 9.429999999999999494e-01 8.429999999999999716e-01
1.816999186305037206e-01 5.168292179320217450e-01 9.264000000000000012e-01 8.319999999999999618e-01
1.470787026395412589e-01 5.166305904215914291e-01 9.447999999999999732e-01 8.359999999999999654e-01
1.571896852504164332e-01 4.812627683913678900e-01 9.425999999999999934e-01 8.439999999999999725e-01
1.459911667140385283e-01 4.800323259536465326e-01 9.485999999999999988e-01 8.489999999999999769e-01
1.541032375765105933e-01 4.801028506348418157e-01 9.439999999999999503e-01 8.479999999999999760e-01
1.597037986219485561e-01 5.173671846084412218e-01 9.404000000000000137e-01 8.389999999999999680e-01
1.293152912739122251e-01 4.666399007217418293e-01 9.576000000000000068e-01 8.459999999999999742e-01
1.430613527466633172e-01 4.863244902288407778e-01 9.526000000000000023e-01 8.449999999999999734e-01
1.534736119417374201e-01 5.218697595097863129e-01 9.469999999999999529e-01 8.349999999999999645e-01
1.804959070199486371e-01 4.890560787836755186e-01 9.350000000000000533e-01 8.319999999999999618e-01
1.348490629498784177e-01 4.709970175927764569e-01 9.544000000000000261e-01 8.559999999999999831e-01
1.470841845849747143e-01 5.205786814343986713e-01 9.464000000000000190e-01 8.449999999999999734e-01
1.735072187026228119e-01 5.608160554794578978e-01 9.304000000000000048e-01 8.359999999999999654e-01
1.275914127681712917e-01 4.781533155419161463e-01 9.582000000000000517e-01 8.439999999999999725e-01
1.709466538611004727e-01 5.365383908745328112e-01 9.354000000000000092e-01 8.239999999999999547e-01
1.273216824936492242e-01 4.974047670869954363e-01 9.544000000000000261e-01 8.469999999999999751e-01
1.226216129963575846e-01 4.839229966194937838e-01 9.594000000000000306e-01 8.439999999999999725e-01
1.321762651885989848e-01 5.284403173910465767e-01 9.519999999999999574e-01 8.429999999999999716e-01
1.455268232139432794e-01 5.188185924822837913e-01 9.467999999999999750e-01 8.439999999999999725e-01
1.226815823411473716e-01 4.755103530160150194e-01 9.552000000000000490e-01 8.489999999999999769e-01
1.234225591005926881e-01 5.218343696736440496e-01 9.579999999999999627e-01 8.479999999999999760e-01
1.356736083128312065e-01 5.039295474103132610e-01 9.557999999999999829e-01 8.369999999999999662e-01
1.240421278260349092e-01 5.014825478756157473e-01 9.579999999999999627e-01 8.459999999999999742e-01
1.289732370414899965e-01 5.137834468150934697e-01 9.559999999999999609e-01 8.379999999999999671e-01
1.300773577984977170e-01 4.818264341743120904e-01 9.594000000000000306e-01 8.539999999999999813e-01
1.283654851757665694e-01 5.023475456268350348e-01 9.546000000000000041e-01 8.409999999999999698e-01
1.449331772966004350e-01 5.018553818451894077e-01 9.459999999999999520e-01 8.469999999999999751e-01
1.659853426877080651e-01 5.457084460263854631e-01 9.394000000000000128e-01 8.409999999999999698e-01
1.189619019539092243e-01 4.876750157729624058e-01 9.619999999999999662e-01 8.459999999999999742e-01
1.162272168200339378e-01 5.180988418118660510e-01 9.577999999999999847e-01 8.559999999999999831e-01
1.216924722381032969e-01 4.771510584290413748e-01 9.587999999999999856e-01 8.399999999999999689e-01
1.152296096431341538e-01 5.172193441949470838e-01 9.599999999999999645e-01 8.469999999999999751e-01
1.248402676367444258e-01 4.951610834645888692e-01 9.554000000000000270e-01 8.469999999999999751e-01
1.088156166656199242e-01 5.100045737276303059e-01 9.627999999999999892e-01 8.419999999999999707e-01
1.000461683010239050e-01 4.838058999255597792e-01 9.697999999999999954e-01 8.519999999999999796e-01
1.442258854258368084e-01 5.346230249592035522e-01 9.469999999999999529e-01 8.329999999999999627e-01
1.361737859786023019e-01 5.294384700711225467e-01 9.477999999999999758e-01 8.379999999999999671e-01
1.059575578708466803e-01 4.982146144911447361e-01 9.676000000000000156e-01 8.499999999999999778e-01
1.318441453385013618e-01 5.531519144635733687e-01 9.526000000000000023e-01 8.309999999999999609e-01
1.318860629788167760e-01 5.099316474140406230e-01 9.499999999999999556e-01 8.389999999999999680e-01
1.187456487328410332e-01 5.308364247626013999e-01 9.552000000000000490e-01 8.459999999999999742e-01
1.201743162842252854e-01 5.081495818436777556e-01 9.576000000000000068e-01 8.339999999999999636e-01
1.083562793544177588e-01 5.244217185476820475e-01 9.617999999999999883e-01 8.419999999999999707e-01
1.084564612693485475e-01 5.076097956021562441e-01 9.606000000000000094e-01 8.439999999999999725e-01
1.021723252332559506e-01 5.237448461177962589e-01 9.656000000000000139e-01 8.519999999999999796e-01
1.183384056429086784e-01 4.914694988831712630e-01 9.604000000000000314e-01 8.439999999999999725e-01
1.252749621045894934e-01 5.196949365435384882e-01 9.537999999999999812e-01 8.409999999999999698e-01
1.100437655310046725e-01 5.124023477272660054e-01 9.584000000000000297e-01 8.449999999999999734e-01
8.905862181780496711e-02 4.972879089800067987e-01 9.719999999999999751e-01 8.499999999999999778e-01
1.077697317035814228e-01 5.184131075042196501e-01 9.599999999999999645e-01 8.439999999999999725e-01
1.070271533161609168e-01 5.235781631169177386e-01 9.626000000000000112e-01 8.429999999999999716e-01
1.960490343163294735e-01 6.307873073455521062e-01 9.280000000000000471e-01 8.249999999999999556e-01
1.087801536068644520e-01 5.201715691881997339e-01 9.617999999999999883e-01 8.459999999999999742e-01
1.281227300822486148e-01 5.179363460416154252e-01 9.522000000000000464e-01 8.439999999999999725e-01
1.071370746616272240e-01 5.071169663974625097e-01 9.631999999999999451e-01 8.509999999999999787e-01
1.124249213063362451e-01 5.274488247378514849e-01 9.599999999999999645e-01 8.379999999999999671e-01
1.064078318960841457e-01 5.347152866033422214e-01 9.624000000000000332e-01 8.409999999999999698e-01
1.099563093155994931e-01 5.564914333771200372e-01 9.616000000000000103e-01 8.349999999999999645e-01
1.076701718955252324e-01 5.342035342219537686e-01 9.624000000000000332e-01 8.429999999999999716e-01
1.070724118554513826e-01 5.631333175447840178e-01 9.641999999999999460e-01 8.439999999999999725e-01
1.514420336782361098e-01 5.803403946299288130e-01 9.459999999999999520e-01 8.339999999999999636e-01
9.253994969761156208e-02 5.307924093578467728e-01 9.699999999999999734e-01 8.389999999999999680e-01
9.348804802130546154e-02 5.375822246066982446e-01 9.686000000000000165e-01 8.389999999999999680e-01
1.025259652789988624e-01 5.485338709500205967e-01 9.649999999999999689e-01 8.399999999999999689e-01
1.094297241608313404e-01 5.346838578476063031e-01 9.636000000000000121e-01 8.399999999999999689e-01
1.104070323184266067e-01 5.448105806130308926e-01 9.592000000000000526e-01 8.339999999999999636e-01
8.920073760497942983e-02 5.344146687052732103e-01 9.701999999999999513e-01 8.449999999999999734e-01
1.442117739211843386e-01 6.181167689253243003e-01 9.414000000000000146e-01 8.289999999999999591e-01
1.004381362328955057e-01 5.521314889712791718e-01 9.646000000000000130e-01 8.509999999999999787e-01
9.278258304896308539e-02 5.322787357057823243e-01 9.721999999999999531e-01 8.409999999999999698e-01
8.317932485843219925e-02 5.140260116113954947e-01 9.751999999999999558e-01 8.489999999999999769e-01
1.040982362411821960e-01 5.058169409210695466e-01 9.654000000000000359e-01 8.489999999999999769e-01
1.045236817882110730e-01 5.032051475924564921e-01 9.619999999999999662e-01 8.519999999999999796e-01
1.387794674746968548e-01 5.943295368209964291e-01 9.445999999999999952e-01 8.369999999999999662e-01
9.903771796964859486e-02 4.963666782472452854e-01 9.661999999999999478e-01 8.409999999999999698e-01
1.020392059072005309e-01 5.388336018966034535e-01 9.659999999999999698e-01 8.419999999999999707e-01
9.436760471838150088e-02 5.118487044373313255e-01 9.674000000000000377e-01 8.379999999999999671e-01
9.370043904496455633e-02 5.033846537741785143e-01 9.711999999999999522e-01 8.439999999999999725e-01
1.115507735551924673e-01 5.248892898376402716e-01 9.592000000000000526e-01 8.389999999999999680e-01
9.224142082548589250e-02 5.536693664752189159e-01 9.681999999999999496e-01 8.389999999999999680e-01
9.032954832555342706e-02 5.470157943391819044e-01 9.711999999999999522e-01 8.439999999999999725e-01
8.751687666255696108e-02 5.415925750440737652e-01 9.684000000000000385e-01 8.369999999999999662e-01
7.770790135565301682e-02 5.359018292601440692e-01 9.747999999999999998e-01 8.459999999999999742e-01
8.195746846231716232e-02 5.112752527577821837e-01 9.778000000000000025e-01 8.499999999999999778e-01
1.135927565443394516e-01 5.281243114724234466e-01 9.576000000000000068e-01 8.389999999999999680e-01
1.341483495854466634e-01 5.733302433988864966e-01 9.479999999999999538e-01 8.369999999999999662e-01
1.475784207054436636e-01 5.717000012706890955e-01 9.415999999999999925e-01 8.259999999999999565e-01
1.025899259222392140e-01 5.694542208945823081e-01 9.622000000000000552e-01 8.419999999999999707e-01
1.072708988229689603e-01 5.609351208556324631e-01 9.609999999999999654e-01 8.409999999999999698e-01
8.891733135985697978e-02 5.427216884381089734e-01 9.697999999999999954e-01 8.369999999999999662e-01
8.555372635322174013e-02 5.406968015495042801e-01 9.734000000000000430e-01 8.339999999999999636e-01
1.039047172957365539e-01 5.602007245042116557e-01 9.666000000000000147e-01 8.469999999999999751e-01
7.787886840226906915e-02 5.444034474947440083e-01 9.724000000000000421e-01 8.419999999999999707e-01
6.983913559218178635e-02 5.263424519964718939e-01 9.796000000000000263e-01 8.409999999999999698e-01
9.147508172679463812e-02 5.411303499221437052e-01 9.666000000000000147e-01 8.429999999999999716e-01
7.795786868015222582e-02 5.289539482111088597e-01 9.747999999999999998e-01 8.429999999999999716e-01
1.132515385855032281e-01 5.121332364642549040e-01 9.624000000000000332e-01 8.369999999999999662e-01
1.020765870604264103e-01 5.521004800405296953e-01 9.664000000000000368e-01 8.339999999999999636e-01
9.145277822098454856e-02 5.619769193082293501e-01 9.686000000000000165e-01 8.499999999999999778e-01
8.547955483948178890e-02 5.654726537275459597e-01 9.707999999999999963e-01 8.389999999999999680e-01
1.089418010154657585e-01 5.513654073291520685e-01 9.602000000000000535e-01 8.429999999999999716e-01
1.380047252104989741e-01 6.423890740911342156e-01 9.472000000000000419e-01 8.219999999999999529e-01
7.385465495676339642e-02 5.518403130417433022e-01 9.756000000000000227e-01 8.519999999999999796e-01
1.006190196252118446e-01 5.754118068810221143e-01 9.644000000000000350e-01 8.429999999999999716e-01
8.285514553797326820e-02 5.376549993262030869e-01 9.721999999999999531e-01 8.459999999999999742e-01
8.615950981437420220e-02 5.273508380911753335e-01 9.731999999999999540e-01 8.449999999999999734e-01
8.897649846011293495e-02 5.737507211373651383e-01 9.677999999999999936e-01 8.389999999999999680e-01
9.995574281462407673e-02 5.442235669470282255e-01 9.607999999999999874e-01 8.359999999999999654e-01
1.247281372793180021e-01 5.845648217248837764e-01 9.536000000000000032e-01 8.369999999999999662e-01
7.406858001933626368e-02 5.413651948928610569e-01 9.764000000000000457e-01 8.539999999999999813e-01
7.505470420848998903e-02 5.720713709463811636e-01 9.746000000000000218e-01 8.379999999999999671e-01
7.715695431564099926e-02 5.014953787881220038e-01 9.781999999999999584e-01 8.509999999999999787e-01
1.274441771057681638e-01 5.589406623301945709e-01 9.507999999999999785e-01 8.299999999999999600e-01
7.579365441767176026e-02 5.148047100875113857e-01 9.764000000000000457e-01 8.579999999999999849e-01
1.203543855061074558e-01 6.173528267299223105e-01 9.527999999999999803e-01 8.389999999999999680e-01
7.941924765669648723e-02 5.421526458013268268e-01 9.737999999999999989e-01 8.389999999999999680e-01
9.018476193756758130e-02 5.763059118072058062e-01 9.667999999999999927e-01 8.289999999999999591e-01
7.349770197510893666e-02 5.292310306576811785e-01 9.794000000000000483e-01 8.449999999999999734e-01
8.561984352194801362e-02 6.070752493155073815e-01 9.697999999999999954e-01 8.379999999999999671e-01
8.494298686082120409e-02 5.780776666111757667e-01 9.694000000000000394e-01 8.469999999999999751e-01
8.038118101877532451e-02 5.164111376560085453e-01 9.764000000000000457e-01 8.459999999999999742e-01
7.970823467231821779e-02 5.696121962392525218e-01 9.716000000000000192e-01 8.419999999999999707e-01
9.226395497682812752e-02 5.988193186519981115e-01 9.671999999999999487e-01 8.379999999999999671e-01
7.857145551007722883e-02 5.657110052951641599e-01 9.726000000000000201e-01 8.479999999999999760e-01
9.278138142707437197e-02 5.844470798216013785e-01 9.677999999999999936e-01 8.339999999999999636e-01
7.066712534395283574e-02 5.168114394717222559e-01 9.791999999999999593e-01 8.479999999999999760e-01
7.132519993354334564e-02 5.283862904843704689e-01 9.806000000000000272e-01 8.569999999999999840e-01
1.084057428875373208e-01 5.669276821817177403e-01 9.616000000000000103e-01 8.449999999999999734e-01
7.389559389898774089e-02 5.357136310877416152e-01 9.771999999999999575e-01 8.439999999999999725e-01
1.031397948142029758e-01 5.370628139787090305e-01 9.646000000000000130e-01 8.339999999999999636e-01
9.146555254362531695e-02 5.092227230969275098e-01 9.704000000000000403e-01 8.499999999999999778e-01
1.042021811251122032e-01 6.004464281665909953e-01 9.599999999999999645e-01 8.409999999999999698e-01
6.874557849323914560e-02 5.715010136119091921e-01 9.786000000000000254e-01 8.429999999999999716e-01
8.267169717129486950e-02 5.787654872882679324e-01 9.696000000000000174e-01 8.439999999999999725e-01
1.621647062596582034e-01 6.274934608683147008e-01 9.330000000000000515e-01 8.090000000000000524e-01
7.869802122704881719e-02 5.678093024175504544e-01 9.744000000000000439e-01 8.429999999999999716e-01
1.241375551456597864e-01 6.314970524920494599e-01 9.549999999999999600e-01 8.349999999999999645e-01
7.177771602230739734e-02 6.017602316775993998e-01 9.751999999999999558e-01 8.429999999999999716e-01
7.288410235703254858e-02 5.675486384855038535e-01 9.747999999999999998e-01 8.439999999999999725e-01
8.706545552641081764e-02 5.416674857214832661e-01 9.714000000000000412e-01 8.359999999999999654e-01
7.620123581533755353e-02 5.811171366172452890e-01 9.744000000000000439e-01 8.369999999999999662e-01
9.353606142761232423e-02 5.878668974782753631e-01 9.644000000000000350e-01 8.289999999999999591e-01
2.361835731328158494e-01 7.434754647669242766e-01 9.025999999999999579e-01 7.970000000000000417e-01
1.494475707226768368e-01 7.215949321814185691e-01 9.387999999999999678e-01 8.249999999999999556e-01
6.566890791133096761e-02 5.357082656388076902e-01 9.791999999999999593e-01 8.479999999999999760e-01
1.354366293516974518e-01 6.447168343846638727e-01 9.477999999999999758e-01 8.229999999999999538e-01
7.594401650818378979e-02 5.610471178505896939e-01 9.739999999999999769e-01 8.479999999999999760e-01
1.558957662807572420e-01 6.519870451286144952e-01 9.334000000000000075e-01 8.139999999999999458e-01
7.457051884519566576e-02 5.847027483599526176e-01 9.758000000000000007e-01 8.419999999999999707e-01
1.000018808414697286e-01 6.199034995242340695e-01 9.622000000000000552e-01 8.359999999999999654e-01
7.838751514134531528e-02 5.646020515902002712e-01 9.761999999999999567e-01 8.469999999999999751e-01
6.475812921974505310e-02 5.754063032663137012e-01 9.788000000000000034e-01 8.489999999999999769e-01
7.865169113517986310e-02 5.721355986575501484e-01 9.741999999999999549e-01 8.389999999999999680e-01
8.236162119215120758e-02 5.966151191032970091e-01 9.684000000000000385e-01 8.409999999999999698e-01
6.765077215529849419e-02 5.764851841220006712e-01 9.771999999999999575e-01 8.519999999999999796e-01
7.551630771353322336e-02 5.412021680657042033e-01 9.744000000000000439e-01 8.449999999999999734e-01
8.997396583212539933e-02 5.499531623433886462e-01 9.686000000000000165e-01 8.449999999999999734e-01
9.871392111535134961e-02 5.705344581132594239e-01 9.646000000000000130e-01 8.419999999999999707e-01
6.190439710968873716e-02 5.297964286155948388e-01 9.821999999999999620e-01 8.499999999999999778e-01
7.057142055103605982e-02 5.283742886644199332e-01 9.784000000000000474e-01 8.579999999999999849e-01
5.593809852509648572e-02 5.326431850477806318e-01 9.859999999999999876e-01 8.479999999999999760e-01
7.675528593067616756e-02 5.714181595352365584e-01 9.756000000000000227e-01 8.349999999999999645e-01
8.143911133287387583e-02 5.538370180548181088e-01 9.707999999999999963e-01 8.439999999999999725e-01
1.200515510831363652e-01 6.081268832699397997e-01 9.529999999999999583e-01 8.319999999999999618e-01
8.527990879697895654e-02 6.239680248392792672e-01 9.704000000000000403e-01 8.439999999999999725e-01
8.193565686056544783e-02 5.504803618337993365e-01 9.719999999999999751e-01 8.379999999999999671e-01
8.264378810934322472e-02 5.730036628854069392e-01 9.716000000000000192e-01 8.359999999999999654e-01
7.925836088378375444e-02 5.692230783871705668e-01 9.719999999999999751e-01 8.329999999999999627e-01
8.619915893283346120e-02 5.858945903117357412e-01 9.689999999999999725e-01 8.349999999999999645e-01
5.192457864424118025e-02 5.583903388728501671e-01 9.879999999999999893e-01 8.459999999999999742e-01
7.402919713251088218e-02 5.150255391679960937e-01 9.746000000000000218e-01 8.449999999999999734e-01
7.224662000173416587e-02 5.784743802913162591e-01 9.769999999999999796e-01 8.459999999999999742e-01
5.660573233424397860e-02 5.838489911443839331e-01 9.826000000000000290e-01 8.449999999999999734e-01
7.381278797639026501e-02 6.033805758378164574e-01 9.768000000000000016e-01 8.409999999999999698e-01
7.289746898906110384e-02 5.738006649944643600e-01 9.744000000000000439e-01 8.429999999999999716e-01
8.410665711316724080e-02 5.918440700959892720e-01 9.697999999999999954e-01 8.499999999999999778e-01
6.793817242600032336e-02 5.497633273787713160e-01 9.801999999999999602e-01 8.459999999999999742e-01
9.443862592424524804e-02 5.883592871992968654e-01 9.669999999999999707e-01 8.389999999999999680e-01
7.079874024423826739e-02 5.657479881022863255e-01 9.764000000000000457e-01 8.439999999999999725e-01
7.312446517947399083e-02 6.028988640261409016e-01 9.731999999999999540e-01 8.399999999999999689e-01
6.307230501283637991e-02 5.916984485624344758e-01 9.794000000000000483e-01 8.459999999999999742e-01
5.985082078053879928e-02 5.712633064749577105e-01 9.821999999999999620e-01 8.389999999999999680e-01
6.258058056039139672e-02 5.843194329873174775e-01 9.779999999999999805e-01 8.439999999999999725e-01
6.839870871543855813e-02 5.793479863830044430e-01 9.814000000000000501e-01 8.479999999999999760e-01
6.329130925178869105e-02 5.837828549503706332e-01 9.801999999999999602e-01 8.499999999999999778e-01
7.354395622117808340e-02 5.943621004329489033e-01 9.734000000000000430e-01 8.369999999999999662e-01
1.194998351055138464e-01 6.028032538211023361e-01 9.564000000000000279e-01 8.389999999999999680e-01
6.337252273619033149e-02 5.672636335459341206e-01 9.788000000000000034e-01 8.399999999999999689e-01
8.151443138032793412e-02 6.071540484852742114e-01 9.719999999999999751e-01 8.289999999999999591e-01
9.605339350960043210e-02 5.962217273817838059e-01 9.671999999999999487e-01 8.339999999999999636e-01
7.254993169713523649e-02 6.017814891082805540e-01 9.776000000000000245e-01 8.429999999999999716e-01
6.849487328474951342e-02 5.810675879896364249e-01 9.737999999999999989e-01 8.499999999999999778e-01
1.194684317554327163e-01 6.899531614008881375e-01 9.544000000000000261e-01 8.479999999999999760e-01
7.954764357666160857e-02 5.455084813400596921e-01 9.768000000000000016e-01 8.389999999999999680e-01
5.615307791484962924e-02 5.834475688973358443e-01 9.848000000000000087e-01 8.509999999999999787e-01
5.915783939677540793e-02 5.604995931743137483e-01 9.849999999999999867e-01 8.419999999999999707e-01
1.484615643946385621e-01 6.721858260387413297e-01 9.417999999999999705e-01 8.189999999999999503e-01
7.311272455084204258e-02 5.615499151690394042e-01 9.778000000000000025e-01 8.389999999999999680e-01
1.035064473556178144e-01 6.047569101301129013e-01 9.639999999999999680e-01 8.289999999999999591e-01
7.799532440137735279e-02 6.203646422525246340e-01 9.711999999999999522e-01 8.439999999999999725e-01
5.570929305011995680e-02 6.141709940711662652e-01 9.808000000000000052e-01 8.459999999999999742e-01
1.056116276575409241e-01 6.495993051806101537e-01 9.594000000000000306e-01 8.169999999999999485e-01
5.849367962122500181e-02 5.709442143345606624e-01 9.829999999999999849e-01 8.499999999999999778e-01
6.902641082932294003e-02 5.789669263054358916e-01 9.771999999999999575e-01 8.459999999999999742e-01
7.129724854739551143e-02 5.927096638821288677e-01 9.766000000000000236e-01 8.429999999999999716e-01
6.340668640128507838e-02 5.719252734681742334e-01 9.788000000000000034e-01 8.479999999999999760e-01
9.207029541497359360e-02 6.119146041914923506e-01 9.671999999999999487e-01 8.389999999999999680e-01
9.053616436473416185e-02 5.672401841330768635e-01 9.701999999999999513e-01 8.389999999999999680e-01
8.454125168730015905e-02 6.196961696485432380e-01 9.681999999999999496e-01 8.289999999999999591e-01
6.352317276893625075e-02 5.696506107933626550e-01 9.799999999999999822e-01 8.419999999999999707e-01
5.698521595346710267e-02 5.639676902044881146e-01 9.821999999999999620e-01 8.449999999999999734e-01
4.871095960174178646e-02 5.454640074334748956e-01 9.848000000000000087e-01 8.469999999999999751e-01
5.925270841632493402e-02 5.050728586128124808e-01 9.844000000000000528e-01 8.429999999999999716e-01
5.086233709973989742e-02 5.368610883402318290e-01 9.864000000000000545e-01 8.449999999999999734e-01
4.799231922717858007e-02 5.599801371805016581e-01 9.874000000000000554e-01 8.449999999999999734e-01
8.246091200181700220e-02 6.133760621629598120e-01 9.716000000000000192e-01 8.329999999999999627e-01
4.374084256137019538e-02 5.529735085062544853e-01 9.889999999999999902e-01 8.449999999999999734e-01
5.775063187976302304e-02 5.723444595584532557e-01 9.826000000000000290e-01 8.449999999999999734e-01
6.735852837619238365e-02 5.970660137717932470e-01 9.794000000000000483e-01 8.429999999999999716e-01
8.225711138537103451e-02 6.197627040187017045e-01 9.704000000000000403e-01 8.399999999999999689e-01
6.947395562122342383e-02 6.075801708813537427e-01 9.786000000000000254e-01 8.349999999999999645e-01
5.568853043974116013e-02 5.486700255371361745e-01 9.856000000000000316e-01 8.439999999999999725e-01
6.838149133719144401e-02 5.925696955625863183e-01 9.766000000000000236e-01 8.379999999999999671e-01
7.974496409785965245e-02 5.969590210211510595e-01 9.706000000000000183e-01 8.349999999999999645e-01
6.689920415299364931e-02 6.121642713342807518e-01 9.766000000000000236e-01 8.439999999999999725e-01
5.832123049084566441e-02 5.573916704268191413e-01 9.829999999999999849e-01 8.429999999999999716e-01
5.404875251798670066e-02 5.931559019291083867e-01 9.834000000000000519e-01 8.339999999999999636e-01
7.234718565903347498e-02 6.071393585220277167e-01 9.778000000000000025e-01 8.279999999999999583e-01
8.661790567133724472e-02 6.079329913821920339e-01 9.671999999999999487e-01 8.339999999999999636e-01
6.597899186695169171e-02 5.875309792554549437e-01 9.781999999999999584e-01 8.329999999999999627e-01
9.156119431505647943e-02 6.080698950837474248e-01 9.644000000000000350e-01 8.249999999999999556e-01
5.509998776466120546e-02 5.593419686422725912e-01 9.838000000000000078e-01 8.459999999999999742e-01
6.610251105403150418e-02 5.603809826831607221e-01 9.771999999999999575e-01 8.469999999999999751e-01
8.756846036923866816e-02 5.602568389770258284e-01 9.704000000000000403e-01 8.329999999999999627e-01
1.053593354158928880e-01 6.239913813962607581e-01 9.646000000000000130e-01 8.339999999999999636e-01
6.358145804248688249e-02 5.123565200112019102e-01 9.798000000000000043e-01 8.509999999999999787e-01
6.961231601474360264e-02 5.974843592162641936e-01 9.756000000000000227e-01 8.409999999999999698e-01
7.409962161691033278e-02 6.029161549023386302e-01 9.761999999999999567e-01 8.419999999999999707e-01
7.422295971982389995e-02 5.644897629351836033e-01 9.768000000000000016e-01 8.429999999999999716e-01
7.142599843612583432e-02 5.645454625491108658e-01 9.741999999999999549e-01 8.449999999999999734e-01
6.108510166489714704e-02 5.502804680269278714e-01 9.798000000000000043e-01 8.469999999999999751e-01
5.185527556941358501e-02 5.325663969057823355e-01 9.864000000000000545e-01 8.539999999999999813e-01
6.741208270864262886e-02 6.078345198409598193e-01 9.776000000000000245e-01 8.329999999999999627e-01
7.446456009092165818e-02 6.072456657511929867e-01 9.768000000000000016e-01 8.419999999999999707e-01
7.011090953261016334e-02 5.661468634370958597e-01 9.739999999999999769e-01 8.429999999999999716e-01
7.113244010235646175e-02 5.996916349901000309e-01 9.739999999999999769e-01 8.469999999999999751e-01
5.494233589551295038e-02 5.507265692705779481e-01 9.861999999999999655e-01 8.389999999999999680e-01
8.067672700765862737e-02 6.021337886097354319e-01 9.707999999999999963e-01 8.399999999999999689e-01
9.500445534276574788e-02 6.034288207961576722e-01 9.649999999999999689e-01 8.429999999999999716e-01
5.130327071690593543e-02 5.727636513659316586e-01 9.868000000000000105e-01 8.439999999999999725e-01
5.136140128778245162e-02 5.723373971312414321e-01 9.868000000000000105e-01 8.459999999999999742e-01
6.159105950490696701e-02 6.019365957035572867e-01 9.831999999999999629e-01 8.379999999999999671e-01
5.885220066930884480e-02 5.690433049260097409e-01 9.809999999999999831e-01 8.439999999999999725e-01
5.409494135721774899e-02 5.651677959400440709e-01 9.844000000000000528e-01 8.479999999999999760e-01
4.445108001724405733e-02 5.893944388210736740e-01 9.878000000000000114e-01 8.459999999999999742e-01
5.214535225987772249e-02 5.913865579671787609e-01 9.858000000000000096e-01 8.339999999999999636e-01
7.350375275473429448e-02 6.256287243957717736e-01 9.716000000000000192e-01 8.419999999999999707e-01
5.721221408507599221e-02 5.854491804190221638e-01 9.824000000000000510e-01 8.339999999999999636e-01
5.118404520970872007e-02 5.619366339146754097e-01 9.861999999999999655e-01 8.479999999999999760e-01
9.501872634761455994e-02 5.906355854601392785e-01 9.679999999999999716e-01 8.269999999999999574e-01
5.319776453424956281e-02 5.309596460397245643e-01 9.856000000000000316e-01 8.519999999999999796e-01
8.091993315483356208e-02 6.184277395210292516e-01 9.706000000000000183e-01 8.399999999999999689e-01
4.684995266604682213e-02 5.696972977091432355e-01 9.889999999999999902e-01 8.439999999999999725e-01
6.628700432764537964e-02 5.736765688076189695e-01 9.771999999999999575e-01 8.419999999999999707e-01
7.301338948671012852e-02 5.767997531527568889e-01 9.734000000000000430e-01 8.459999999999999742e-01
5.657458473648791647e-02 5.665751858760836868e-01 9.816000000000000281e-01 8.419999999999999707e-01
5.314904351729980714e-02 5.916023602989898267e-01 9.818000000000000060e-01 8.399999999999999689e-01
5.763224108111113242e-02 6.153487881965342687e-01 9.806000000000000272e-01 8.459999999999999742e-01
6.590450897292003674e-02 6.364089418866085701e-01 9.764000000000000457e-01 8.359999999999999654e-01
5.135791470140122633e-02 5.699766533805262769e-01 9.854000000000000536e-01 8.439999999999999725e-01
5.253009921070576210e-02 5.792527039789683307e-01 9.828000000000000069e-01 8.499999999999999778e-01
8.318136014126323308e-02 6.147658796711055196e-01 9.697999999999999954e-01 8.349999999999999645e-01
8.000177732495514227e-02 6.538467375608923993e-01 9.701999999999999513e-01 8.459999999999999742e-01
4.978102699513718005e-02 6.051533938456660211e-01 9.849999999999999867e-01 8.429999999999999716e-01
4.977257089312110694e-02 5.520930388880983530e-01 9.888000000000000123e-01 8.529999999999999805e-01
5.419266418578069094e-02 5.883803888998377918e-01 9.859999999999999876e-01 8.499999999999999778e-01
8.264606312230717011e-02 6.577022541606640793e-01 9.706000000000000183e-01 8.379999999999999671e-01
7.342060955342767647e-02 6.558517916520654190e-01 9.716000000000000192e-01 8.389999999999999680e-01
6.803795802851325680e-02 6.121446525789461246e-01 9.776000000000000245e-01 8.359999999999999654e-01
4.719662005882151179e-02 5.704410139448882200e-01 9.861999999999999655e-01 8.499999999999999778e-01
6.317363066678791106e-02 5.663366484617117225e-01 9.818000000000000060e-01 8.419999999999999707e-01
8.060092979804837909e-02 5.863483959572501902e-01 9.731999999999999540e-01 8.409999999999999698e-01
7.017240090837710553e-02 5.978295565534204048e-01 9.764000000000000457e-01 8.469999999999999751e-01
4.753827672074829869e-02 5.779111149742252040e-01 9.851999999999999647e-01 8.419999999999999707e-01
4.215004872574869277e-02 5.748818978553517089e-01 9.886000000000000343e-01 8.499999999999999778e-01
5.061342451413446825e-02 5.547870886714930672e-01 9.854000000000000536e-01 8.489999999999999769e-01
5.155558186795265035e-02 5.757256437528548432e-01 9.851999999999999647e-01 8.389999999999999680e-01
4.515833356622440259e-02 5.918066444937064574e-01 9.851999999999999647e-01 8.469999999999999751e-01
1.474526794001244090e-01 7.385779033752668532e-01 9.512000000000000455e-01 8.369999999999999662e-01
4.851545405469821770e-02 5.824843924182674382e-01 9.903999999999999471e-01 8.349999999999999645e-01
6.422195820414590417e-02 5.773843353144662016e-01 9.801999999999999602e-01 8.449999999999999734e-01
5.029685894141817937e-02 5.932883933462185233e-01 9.858000000000000096e-01 8.499999999999999778e-01
4.442275967030176465e-02 5.443951043153903990e-01 9.888000000000000123e-01 8.539999999999999813e-01
5.698702302104360212e-02 5.833963710804437319e-01 9.836000000000000298e-01 8.459999999999999742e-01
6.951562302291179607e-02 5.932048779735247246e-01 9.764000000000000457e-01 8.429999999999999716e-01
6.350333516988121429e-02 5.871829763240371536e-01 9.794000000000000483e-01 8.319999999999999618e-01
1.950296818996741510e-01 7.184520538538945456e-01 9.274000000000000021e-01 8.020000000000000462e-01
4.857484548333892288e-02 5.730199544973267889e-01 9.854000000000000536e-01 8.479999999999999760e-01
4.636685583921248965e-02 6.003530145448217059e-01 9.896000000000000352e-01 8.479999999999999760e-01
7.140432953585543197e-02 6.020825467443505774e-01 9.779999999999999805e-01 8.369999999999999662e-01
1.039500226799525556e-01 6.884610808475432053e-01 9.604000000000000314e-01 8.189999999999999503e-01
4.028389199066332443e-02 5.734179284780264174e-01 9.913999999999999480e-01 8.499999999999999778e-01
5.109151931297152560e-02 6.146592182387550229e-01 9.834000000000000519e-01 8.489999999999999769e-01
5.906273090127897585e-02 6.111491651608109699e-01 9.811999999999999611e-01 8.319999999999999618e-01
1.310782257820462815e-01 7.675364492660495808e-01 9.509999999999999565e-01 8.299999999999999600e-01
7.044210833391041648e-02 6.293182254087567040e-01 9.746000000000000218e-01 8.449999999999999734e-01
6.638593875562659452e-02 6.264333544335068948e-01 9.774000000000000465e-01 8.479999999999999760e-01
4.033428893272889698e-02 6.037137716252423125e-01 9.916000000000000369e-01 8.359999999999999654e-01
5.981325305404389808e-02 5.776044988399312574e-01 9.838000000000000078e-01 8.449999999999999734e-01
6.688979152864424349e-02 5.551451745620368250e-01 9.776000000000000245e-01 8.489999999999999769e-01
6.546943306821613462e-02 6.212450963955613581e-01 9.781999999999999584e-01 8.389999999999999680e-01
7.341361395239039134e-02 6.067949719713030543e-01 9.734000000000000430e-01 8.419999999999999707e-01
4.353411559786499185e-02 5.659449689785964743e-01 9.883999999999999453e-01 8.469999999999999751e-01
5.800367070145186904e-02 6.096164214760365629e-01 9.828000000000000069e-01 8.449999999999999734e-01
4.910793560195217400e-02 6.133111955087245937e-01 9.878000000000000114e-01 8.459999999999999742e-01
6.712112955319292362e-02 5.784847952885302513e-01 9.768000000000000016e-01 8.439999999999999725e-01
