2.276185028555844259e+00 2.277951497097900901e+00 1.650000000000000078e-01 1.640000000000000069e-01
1.537989922075598814e+00 1.533144398438431422e+00 3.731999999999999762e-01 3.770000000000000018e-01
9.532450308002248240e-01 9.561030504604525193e-01 6.268000000000000238e-01 6.330000000000000071e-01
7.078459699255308379e-01 7.362828931245370967e-01 7.418000000000000149e-01 7.289999999999999813e-01
6.802110589255900841e-01 7.397275181520189813e-01 7.403999999999999471e-01 7.109999999999999654e-01
6.871350897606057773e-01 7.436419552008073364e-01 7.359999999999999876e-01 7.149999999999999689e-01
5.434051818468240702e-01 5.985266925684421535e-01 7.977999999999999536e-01 7.900000000000000355e-01
4.925442656603771785e-01 5.610515134637155121e-01 8.242000000000000437e-01 7.980000000000000426e-01
4.953778896192994607e-01 5.896163848634387028e-01 8.149999999999999467e-01 7.830000000000000293e-01
5.587612006491911032e-01 6.407781354710559985e-01 7.830000000000000293e-01 7.670000000000000151e-01
4.647293297765380249e-01 5.632863022414690279e-01 8.317999999999999838e-01 7.850000000000000311e-01
4.369339731397460791e-01 5.564200107433756592e-01 8.416000000000000147e-01 7.940000000000000391e-01
4.442799041762087731e-01 5.419609122682474966e-01 8.306000000000000050e-01 8.020000000000000462e-01
3.978232082798158209e-01 5.015701561667508246e-01 8.584000000000000519e-01 8.149999999999999467e-01
4.143866682170322946e-01 5.136926422349596955e-01 8.518000000000000016e-01 8.080000000000000515e-01
4.251377047818485355e-01 5.384709471641806466e-01 8.471999999999999531e-01 8.110000000000000542e-01
3.693671992031287155e-01 4.937439893326047713e-01 8.693999999999999506e-01 8.100000000000000533e-01
3.459485502870358609e-01 4.804470688240920495e-01 8.706000000000000405e-01 8.139999999999999458e-01
3.960980478811338967e-01 5.231675556987538389e-01 8.471999999999999531e-01 8.060000000000000497e-01
3.501096030055991237e-01 4.863282448015529558e-01 8.718000000000000194e-01 8.199999999999999512e-01
3.598172306912777452e-01 5.040362127916300228e-01 8.703999999999999515e-01 8.169999999999999485e-01
3.233493760074864221e-01 4.681194489930101121e-01 8.841999999999999860e-01 8.269999999999999574e-01
3.478489864981252344e-01 5.060479492425280501e-01 8.709999999999999964e-01 8.149999999999999467e-01
3.420154796792366780e-01 4.841708513079054366e-01 8.763999999999999568e-01 8.159999999999999476e-01
3.180283391763645828e-01 4.940306888701306298e-01 8.866000000000000547e-01 8.219999999999999529e-01
3.340027082160946792e-01 5.149806773583511799e-01 8.776000000000000467e-01 8.120000000000000551e-01
2.932446964869282469e-01 4.711973283899724696e-01 8.903999999999999693e-01 8.329999999999999627e-01
2.940559417966154832e-01 4.606173949446891736e-01 8.950000000000000178e-01 8.269999999999999574e-01
2.888039597382673351e-01 4.761304188446721097e-01 8.908000000000000362e-01 8.309999999999999609e-01
2.999663952139358103e-01 4.757100745537608533e-01 8.883999999999999675e-01 8.289999999999999591e-01
2.930398147364645656e-01 4.785955047482441382e-01 8.938000000000000389e-01 8.299999999999999600e-01
2.933341063023576223e-01 4.926599828166639550e-01 8.863999999999999657e-01 8.219999999999999529e-01
3.022738711434200809e-01 5.070191837289346193e-01 8.841999999999999860e-01 8.100000000000000533e-01
2.734380445082627009e-01 4.652183050755557270e-01 9.010000000000000231e-01 8.359999999999999654e-01
3.014016747495823489e-01 5.194998202923509778e-01 8.806000000000000494e-01 8.159999999999999476e-01
3.063884677797835687e-01 4.884513166896499170e-01 8.850000000000000089e-01 8.299999999999999600e-01
2.796124004804733665e-01 4.684739545029925067e-01 8.923999999999999710e-01 8.319999999999999618e-01
2.445067301506960444e-01 4.462514543134772360e-01 9.093999999999999861e-01 8.399999999999999689e-01
2.538262728145278535e-01 4.580317945249289258e-01 9.063999999999999835e-01 8.369999999999999662e-01
2.417693519185432349e-01 4.576635082609362692e-01 9.135999999999999677e-01 8.319999999999999618e-01
2.442915377814042499e-01 4.781183827760268623e-01 9.088000000000000522e-01 8.329999999999999627e-01
2.770122726944518887e-01 5.082589720890802187e-01 9.003999999999999782e-01 8.329999999999999627e-01
2.332278907799878731e-01 4.575767284556803149e-01 9.142000000000000126e-01 8.359999999999999654e-01
2.272673040804630562e-01 4.349155281379721294e-01 9.200000000000000400e-01 8.479999999999999760e-01
2.261535838629933903e-01 4.474675309724446826e-01 9.177999999999999492e-01 8.419999999999999707e-01
2.494424962622508180e-01 4.667512917705588515e-01 9.053999999999999826e-01 8.309999999999999609e-01
2.329914943737398381e-01 4.718472584020242389e-01 9.137999999999999456e-01 8.369999999999999662e-01
2.231423096341706713e-01 4.576328379698294535e-01 9.200000000000000400e-01 8.329999999999999627e-01
2.503165130018715212e-01 4.957066029205537960e-01 9.052000000000000046e-01 8.269999999999999574e-01
2.756337186672756512e-01 4.928758508627252843e-01 8.931999999999999940e-01 8.189999999999999503e-01
2.464484612181973289e-01 4.899645918587441362e-01 9.042000000000000037e-01 8.359999999999999654e-01
2.058207370417837467e-01 4.459425992447442200e-01 9.227999999999999536e-01 8.419999999999999707e-01
2.911675020712646278e-01 5.206625570052364482e-01 8.810000000000000053e-01 8.139999999999999458e-01
2.144142867778396910e-01 4.479921430395115700e-01 9.285999999999999810e-01 8.379999999999999671e-01
2.350803254453900093e-01 4.499758125065235204e-01 9.137999999999999456e-01 8.359999999999999654e-01
2.172993917080380810e-01 4.656765072851324905e-01 9.167999999999999483e-01 8.339999999999999636e-01
2.156389882008070413e-01 4.520747890808523572e-01 9.182000000000000162e-01 8.269999999999999574e-01
2.046487412561787955e-01 4.512541098040873111e-01 9.252000000000000224e-01 8.339999999999999636e-01
2.242568589753111963e-01 4.819266206271707320e-01 9.118000000000000549e-01 8.329999999999999627e-01
2.216510197019339601e-01 4.771499756213600230e-01 9.167999999999999483e-01 8.409999999999999698e-01
2.150783938800789608e-01 4.750031120995842904e-01 9.177999999999999492e-01 8.389999999999999680e-01
1.828473330949917930e-01 4.523058149880286871e-01 9.335999999999999854e-01 8.379999999999999671e-01
2.273463766314424983e-01 4.784159784831270024e-01 9.120000000000000329e-01 8.349999999999999645e-01
1.936035556834300730e-01 4.680975028390913506e-01 9.324000000000000066e-01 8.429999999999999716e-01
1.980126462770233631e-01 4.871942352774581431e-01 9.243999999999999995e-01 8.349999999999999645e-01
1.846819530430152956e-01 4.700569725086324868e-01 9.285999999999999810e-01 8.469999999999999751e-01
2.004736007922223173e-01 4.861286331109512249e-01 9.240000000000000435e-01 8.449999999999999734e-01
1.728856049605778100e-01 4.400483262801058171e-01 9.397999999999999687e-01 8.479999999999999760e-01
1.955003150752631924e-01 4.833230558564156620e-01 9.285999999999999810e-01 8.319999999999999618e-01
1.671016133144576921e-01 4.500473601030561266e-01 9.404000000000000137e-01 8.399999999999999689e-01
1.665423553145528868e-01 4.615767471941567557e-01 9.372000000000000330e-01 8.399999999999999689e-01
2.018357013726154170e-01 5.114668623260916203e-01 9.260000000000000453e-01 8.379999999999999671e-01
1.594319660237786818e-01 4.505038080917371235e-01 9.372000000000000330e-01 8.439999999999999725e-01
1.754179193495767342e-01 4.972765226766428515e-01 9.350000000000000533e-01 8.369999999999999662e-01
1.732353336250815334e-01 4.683415186032833244e-01 9.370000000000000551e-01 8.389999999999999680e-01
1.905311602227659218e-01 4.803513427476512332e-01 9.332000000000000295e-01 8.419999999999999707e-01
1.610453645160649649e-01 4.490825222234028358e-01 9.459999999999999520e-01 8.399999999999999689e-01
1.645216149607757750e-01 4.809292791257713806e-01 9.442000000000000393e-01 8.359999999999999654e-01
1.555629667572249186e-01 4.881383121432403827e-01 9.429999999999999494e-01 8.309999999999999609e-01
1.431753159870179926e-01 4.588449298310978697e-01 9.472000000000000419e-01 8.379999999999999671e-01
1.811895785988097418e-01 4.927909127047682136e-01 9.317999999999999616e-01 8.319999999999999618e-01
1.753068208639383951e-01 5.063269124597467030e-01 9.304000000000000048e-01 8.349999999999999645e-01
1.861034997268226632e-01 4.878581235829766438e-01 9.334000000000000075e-01 8.369999999999999662e-01
1.712940465858042161e-01 5.073108856482966278e-01 9.352000000000000313e-01 8.299999999999999600e-01
1.464626953644759533e-01 4.642024840018154075e-01 9.467999999999999750e-01 8.499999999999999778e-01
1.721802959630756025e-01 5.034571717699772853e-01 9.360000000000000542e-01 8.409999999999999698e-01
1.546917328129219227e-01 4.650776383828331140e-01 9.492000000000000437e-01 8.369999999999999662e-01
1.669288435972167139e-01 4.925236691987511239e-01 9.402000000000000357e-01 8.399999999999999689e-01
1.618764484040379481e-01 4.730264094299717614e-01 9.387999999999999678e-01 8.379999999999999671e-01
1.851258758493369572e-01 4.975312818670852844e-01 9.295999999999999819e-01 8.389999999999999680e-01
1.426039556514512863e-01 4.905383156490896179e-01 9.489999999999999547e-01 8.339999999999999636e-01
1.996362439870975891e-01 5.668654316137340388e-01 9.225999999999999757e-01 8.239999999999999547e-01
1.349168807585288399e-01 4.693381635789551365e-01 9.564000000000000279e-01 8.389999999999999680e-01
1.374075427569567687e-01 4.876685321140573626e-01 9.506000000000000005e-01 8.469999999999999751e-01
1.308137483196851469e-01 4.938093096797917525e-01 9.512000000000000455e-01 8.499999999999999778e-01
1.269938658715769331e-01 4.848033024467139351e-01 9.552000000000000490e-01 8.399999999999999689e-01
1.592213832804776352e-01 5.009972688974873023e-01 9.449999999999999512e-01 8.379999999999999671e-01
1.470742463145731649e-01 4.798373451651652410e-01 9.467999999999999750e-01 8.399999999999999689e-01
1.687015742383426997e-01 5.163308476376443634e-01 9.362000000000000322e-01 8.379999999999999671e-01
1.285522035568789634e-01 4.592892132605078115e-01 9.582000000000000517e-01 8.439999999999999725e-01
1.236492245730809875e-01 4.663041016596847776e-01 9.582000000000000517e-01 8.399999999999999689e-01
1.330038664704930595e-01 4.776552715335274923e-01 9.546000000000000041e-01 8.479999999999999760e-01
1.600034463141791208e-01 4.853836155822953136e-01 9.379999999999999449e-01 8.449999999999999734e-01
1.559587456560209140e-01 5.274120015252090621e-01 9.399999999999999467e-01 8.389999999999999680e-01
1.596779410913114206e-01 5.301186352426169313e-01 9.402000000000000357e-01 8.309999999999999609e-01
1.675236042768126210e-01 5.595382510940237752e-01 9.315999999999999837e-01 8.249999999999999556e-01
1.806979812683988662e-01 5.740243659395696252e-01 9.297999999999999599e-01 8.329999999999999627e-01
1.228319963906723405e-01 4.937285159317567063e-01 9.577999999999999847e-01 8.359999999999999654e-01
1.418136542543352585e-01 5.240888857330952000e-01 9.487999999999999767e-01 8.439999999999999725e-01
1.220551938825775729e-01 4.901411318934349448e-01 9.556000000000000050e-01 8.409999999999999698e-01
1.372035525838164183e-01 5.057147685252531000e-01 9.519999999999999574e-01 8.329999999999999627e-01
1.340729880655382456e-01 4.862701736175625844e-01 9.504000000000000226e-01 8.379999999999999671e-01
1.220587193076722587e-01 4.965752831404655621e-01 9.574000000000000288e-01 8.499999999999999778e-01
1.288074966129805488e-01 4.707885849836267456e-01 9.589999999999999636e-01 8.349999999999999645e-01
1.302294390570816751e-01 5.336915451214531148e-01 9.517999999999999794e-01 8.349999999999999645e-01
1.120347734449595040e-01 5.293216041861495968e-01 9.586000000000000076e-01 8.359999999999999654e-01
1.207671266019518103e-01 4.871334364233480541e-01 9.599999999999999645e-01 8.439999999999999725e-01
1.169082470571872201e-01 4.985412327246256381e-01 9.584000000000000297e-01 8.399999999999999689e-01
1.405635140868249089e-01 5.221364563810250159e-01 9.506000000000000005e-01 8.319999999999999618e-01
1.195065284820482771e-01 4.898254899709226229e-01 9.594000000000000306e-01 8.359999999999999654e-01
1.055635528730448636e-01 4.828617898952108356e-01 9.671999999999999487e-01 8.389999999999999680e-01
1.126599406317253665e-01 5.008731156959674857e-01 9.586000000000000076e-01 8.489999999999999769e-01
1.160382983086058195e-01 4.745304888676363242e-01 9.596000000000000085e-01 8.429999999999999716e-01
1.266084835571628098e-01 4.814768671612712492e-01 9.582000000000000517e-01 8.339999999999999636e-01
1.001356674614576892e-01 4.984564778838818100e-01 9.667999999999999927e-01 8.399999999999999689e-01
1.082575709647064788e-01 4.953049970523870638e-01 9.644000000000000350e-01 8.409999999999999698e-01
1.417385576129874258e-01 5.833687329286323386e-01 9.445999999999999952e-01 8.359999999999999654e-01
1.541877449192871619e-01 5.711438544108753401e-01 9.385999999999999899e-01 8.279999999999999583e-01
9.754634800894423918e-02 4.774814881592953641e-01 9.664000000000000368e-01 8.379999999999999671e-01
1.281412499999088628e-01 5.464109362939945091e-01 9.527999999999999803e-01 8.419999999999999707e-01
1.032101114354330718e-01 4.714324337953915145e-01 9.667999999999999927e-01 8.399999999999999689e-01
1.315114005700291633e-01 5.192664235436266207e-01 9.495999999999999996e-01 8.339999999999999636e-01
1.168995687490756996e-01 5.651422305800827273e-01 9.602000000000000535e-01 8.289999999999999591e-01
1.394065343589479256e-01 5.495136388608493627e-01 9.494000000000000217e-01 8.319999999999999618e-01
1.148441032854325833e-01 5.341019365190913248e-01 9.577999999999999847e-01 8.409999999999999698e-01
1.156800646323262738e-01 5.010217091180196869e-01 9.617999999999999883e-01 8.389999999999999680e-01
9.854994018629649466e-02 5.142317350233721607e-01 9.657999999999999918e-01 8.469999999999999751e-01
1.452694160986371941e-01 5.665112483416619993e-01 9.392000000000000348e-01 8.309999999999999609e-01
1.378226135576017808e-01 5.795870021739013556e-01 9.445999999999999952e-01 8.349999999999999645e-01
1.015470142408514548e-01 5.243925802512483525e-01 9.641999999999999460e-01 8.479999999999999760e-01
1.409223735102084762e-01 5.578561582729985036e-01 9.475999999999999979e-01 8.169999999999999485e-01
1.768353020542788867e-01 6.582167671530665398e-01 9.377999999999999670e-01 8.299999999999999600e-01
1.021284226732216277e-01 5.186921039836906999e-01 9.629999999999999671e-01 8.469999999999999751e-01
9.594446784006387119e-02 5.088794603152808627e-01 9.686000000000000165e-01 8.469999999999999751e-01
1.042263086788675491e-01 5.710987340946910296e-01 9.631999999999999451e-01 8.419999999999999707e-01
1.082773841176724039e-01 5.082752735784479281e-01 9.631999999999999451e-01 8.399999999999999689e-01
9.264271196002377140e-02 4.893684960555986230e-01 9.714000000000000412e-01 8.499999999999999778e-01
8.448803150649175642e-02 5.116145156197950961e-01 9.769999999999999796e-01 8.379999999999999671e-01
8.486794462194345579e-02 5.113928562390266386e-01 9.747999999999999998e-01 8.449999999999999734e-01
8.420313719442847067e-02 5.044385522252408105e-01 9.769999999999999796e-01 8.519999999999999796e-01
1.088157641912475410e-01 5.567552748432746945e-01 9.619999999999999662e-01 8.329999999999999627e-01
1.023611191315148827e-01 5.259848146847939665e-01 9.646000000000000130e-01 8.409999999999999698e-01
1.127228581910642569e-01 5.722687423115822014e-01 9.556000000000000050e-01 8.379999999999999671e-01
1.007448021982220721e-01 5.149367251902148279e-01 9.674000000000000377e-01 8.449999999999999734e-01
1.146939963915152988e-01 5.711311239737659751e-01 9.586000000000000076e-01 8.339999999999999636e-01
9.899430650660857867e-02 4.957884253041368039e-01 9.644000000000000350e-01 8.309999999999999609e-01
8.290836053966291197e-02 5.387035180575999727e-01 9.719999999999999751e-01 8.379999999999999671e-01
2.334873308676396753e-01 7.156153779376136503e-01 9.123999999999999888e-01 8.030000000000000471e-01
1.024412818533296521e-01 5.131401781116931016e-01 9.637999999999999901e-01 8.329999999999999627e-01
9.775268094917002881e-02 5.034463879907782324e-01 9.669999999999999707e-01 8.389999999999999680e-01
8.177616216178079656e-02 5.175902099042655191e-01 9.734000000000000430e-01 8.309999999999999609e-01
9.407861350273405421e-02 5.428038718165566490e-01 9.684000000000000385e-01 8.309999999999999609e-01
1.033964507454073339e-01 5.068572980800225558e-01 9.659999999999999698e-01 8.409999999999999698e-01
1.172607398494569658e-01 5.906347388118260433e-01 9.567999999999999838e-01 8.229999999999999538e-01
7.981031725028207846e-02 5.096262470932263478e-01 9.737999999999999989e-01 8.399999999999999689e-01
1.189182900301594126e-01 5.689915621575837301e-01 9.519999999999999574e-01 8.309999999999999609e-01
1.311061688536183656e-01 5.746130886783280545e-01 9.512000000000000455e-01 8.219999999999999529e-01
9.681747409168232898e-02 5.102440354963020397e-01 9.677999999999999936e-01 8.509999999999999787e-01
1.022197363086244370e-01 5.342918981561902703e-01 9.659999999999999698e-01 8.369999999999999662e-01
8.529145827766498877e-02 5.159730509787657793e-01 9.754000000000000448e-01 8.489999999999999769e-01
1.209425460430148674e-01 5.339370649484407316e-01 9.512000000000000455e-01 8.259999999999999565e-01
8.351280630677304639e-02 5.341558249319916518e-01 9.717999999999999972e-01 8.379999999999999671e-01
1.058547736319432747e-01 5.497286516851529470e-01 9.614000000000000323e-01 8.369999999999999662e-01
8.263283054410289208e-02 5.513665677389737452e-01 9.701999999999999513e-01 8.449999999999999734e-01
7.632694087864974608e-02 5.460745687778087998e-01 9.764000000000000457e-01 8.419999999999999707e-01
1.088455927154109992e-01 5.736332087115560974e-01 9.599999999999999645e-01 8.349999999999999645e-01
7.619624680985585818e-02 5.109374785406938235e-01 9.791999999999999593e-01 8.509999999999999787e-01
8.387132184298297377e-02 5.373856464279515022e-01 9.771999999999999575e-01 8.499999999999999778e-01
1.082457103769152162e-01 5.319971033808073013e-01 9.619999999999999662e-01 8.359999999999999654e-01
7.050382991219286688e-02 5.112383686362377277e-01 9.806000000000000272e-01 8.429999999999999716e-01
9.513793194051584079e-02 5.673865034550790165e-01 9.676000000000000156e-01 8.319999999999999618e-01
9.614438656164529806e-02 5.226270052311133840e-01 9.711999999999999522e-01 8.419999999999999707e-01
1.251848144002807584e-01 5.819255573920365521e-01 9.485999999999999988e-01 8.389999999999999680e-01
8.087986662497938239e-02 5.053429904128924344e-01 9.768000000000000016e-01 8.439999999999999725e-01
7.081212155035812583e-02 5.360522687735183034e-01 9.784000000000000474e-01 8.379999999999999671e-01
1.072205684753414906e-01 5.909406825212195624e-01 9.619999999999999662e-01 8.539999999999999813e-01
9.773901148266278538e-02 5.079154288841994935e-01 9.676000000000000156e-01 8.439999999999999725e-01
1.114068695173420498e-01 5.857945832934058350e-01 9.574000000000000288e-01 8.429999999999999716e-01
8.137360722015403447e-02 5.197354304201535768e-01 9.719999999999999751e-01 8.549999999999999822e-01
9.267103032678471186e-02 5.233011068009267852e-01 9.677999999999999936e-01 8.449999999999999734e-01
9.354025992915401821e-02 5.759444567609388610e-01 9.681999999999999496e-01 8.359999999999999654e-01
8.862702549346261616e-02 5.186868264411689244e-01 9.696000000000000174e-01 8.379999999999999671e-01
7.411946126287066727e-02 5.282252282827375467e-01 9.769999999999999796e-01 8.389999999999999680e-01
1.063127787872796548e-01 5.670427346257398415e-01 9.597999999999999865e-01 8.339999999999999636e-01
7.935206549154126543e-02 5.197321335377244056e-01 9.756000000000000227e-01 8.439999999999999725e-01
8.478746167437475889e-02 4.958689999489310218e-01 9.721999999999999531e-01 8.399999999999999689e-01
7.950617744088879502e-02 5.399291795699944219e-01 9.736000000000000210e-01 8.329999999999999627e-01
9.093705305712936060e-02 5.908533224149533636e-01 9.696000000000000174e-01 8.439999999999999725e-01
1.226201085770636801e-01 6.324644512417457731e-01 9.506000000000000005e-01 8.319999999999999618e-01
7.382532089190581293e-02 4.943901120944725891e-01 9.791999999999999593e-01 8.489999999999999769e-01
1.114694508667828099e-01 5.995844943551736916e-01 9.606000000000000094e-01 8.409999999999999698e-01
1.198332303400399257e-01 5.444396917215169607e-01 9.546000000000000041e-01 8.329999999999999627e-01
8.343181589996666314e-02 5.403001034972724215e-01 9.739999999999999769e-01 8.349999999999999645e-01
6.813659687981775404e-02 5.078798478947981199e-01 9.786000000000000254e-01 8.429999999999999716e-01
7.963367926608663772e-02 5.344219734057941151e-01 9.749999999999999778e-01 8.449999999999999734e-01
9.261392229192084991e-02 5.409693856487897134e-01 9.686000000000000165e-01 8.499999999999999778e-01
8.187988871653058276e-02 5.759762041760546625e-01 9.734000000000000430e-01 8.429999999999999716e-01
7.021154104168875199e-02 5.110182806686934809e-01 9.814000000000000501e-01 8.479999999999999760e-01
8.451057066655470740e-02 5.399214335149489230e-01 9.679999999999999716e-01 8.339999999999999636e-01
9.454220204353364077e-02 5.649340464908058079e-01 9.694000000000000394e-01 8.379999999999999671e-01
6.813451560994715495e-02 5.434699125347074444e-01 9.784000000000000474e-01 8.469999999999999751e-01
7.160466427745300344e-02 5.794542737974218705e-01 9.774000000000000465e-01 8.499999999999999778e-01
9.188708066908034267e-02 6.246273071930324994e-01 9.676000000000000156e-01 8.489999999999999769e-01
8.871150901142707546e-02 5.518688484400465777e-01 9.701999999999999513e-01 8.459999999999999742e-01
8.510745755336661389e-02 5.848524910996306669e-01 9.717999999999999972e-01 8.369999999999999662e-01
1.050335458849567943e-01 5.396144714728621228e-01 9.616000000000000103e-01 8.339999999999999636e-01
1.011297175274819965e-01 5.918275878056711292e-01 9.636000000000000121e-01 8.419999999999999707e-01
7.181071305390956949e-02 5.203921621839815437e-01 9.768000000000000016e-01 8.429999999999999716e-01
8.358349523961375316e-02 5.740250859331033073e-01 9.731999999999999540e-01 8.399999999999999689e-01
8.519356296327325329e-02 5.525389625900297697e-01 9.691999999999999504e-01 8.349999999999999645e-01
6.701647840128273359e-02 5.785095710195722329e-01 9.774000000000000465e-01 8.439999999999999725e-01
6.981980348411691295e-02 4.910510294828502875e-01 9.798000000000000043e-01 8.509999999999999787e-01
6.198064874377466615e-02 5.102279226168535686e-01 9.826000000000000290e-01 8.549999999999999822e-01
7.461811232012999229e-02 5.595829311432057862e-01 9.726000000000000201e-01 8.509999999999999787e-01
8.496234271461250431e-02 5.393899368437248265e-01 9.729999999999999760e-01 8.459999999999999742e-01
8.808870797444380563e-02 5.818684074002917761e-01 9.704000000000000403e-01 8.519999999999999796e-01
8.356217761505572994e-02 5.448143377887360028e-01 9.726000000000000201e-01 8.389999999999999680e-01
8.851808418020708225e-02 5.823683934346658431e-01 9.709999999999999742e-01 8.389999999999999680e-01
9.832562352041984699e-02 6.229625279813094663e-01 9.641999999999999460e-01 8.449999999999999734e-01
6.842339045818933430e-02 5.698587396903292968e-01 9.801999999999999602e-01 8.379999999999999671e-01
8.803755592593977275e-02 5.911972114522259236e-01 9.689999999999999725e-01 8.419999999999999707e-01
8.942403289591870086e-02 5.532551503100495705e-01 9.707999999999999963e-01 8.399999999999999689e-01
9.025123833442300070e-02 5.707271150915179669e-01 9.661999999999999478e-01 8.449999999999999734e-01
7.678661666548751430e-02 5.693156359619179208e-01 9.704000000000000403e-01 8.429999999999999716e-01
7.181752261075144417e-02 5.324739590146964074e-01 9.766000000000000236e-01 8.349999999999999645e-01
9.275417215508791058e-02 5.615077271993645924e-01 9.671999999999999487e-01 8.389999999999999680e-01
6.623096577250076056e-02 5.407416073504353049e-01 9.814000000000000501e-01 8.339999999999999636e-01
5.761635785426347245e-02 5.274433433121091808e-01 9.828000000000000069e-01 8.519999999999999796e-01
9.042777752807582003e-02 5.810230358113208649e-01 9.657999999999999918e-01 8.409999999999999698e-01
9.107051720835261654e-02 5.412247733387490767e-01 9.706000000000000183e-01 8.449999999999999734e-01
6.147959181591356598e-02 5.593347346408581444e-01 9.836000000000000298e-01 8.429999999999999716e-01
1.003844918427444777e-01 5.953600222083049731e-01 9.637999999999999901e-01 8.379999999999999671e-01
6.601553683112115767e-02 5.553672392399582325e-01 9.778000000000000025e-01 8.459999999999999742e-01
6.558180812606624610e-02 5.709907334479367158e-01 9.804000000000000492e-01 8.569999999999999840e-01
5.635899328100813649e-02 5.362285069291731210e-01 9.829999999999999849e-01 8.499999999999999778e-01
7.001721344597493235e-02 5.339684657912161514e-01 9.776000000000000245e-01 8.499999999999999778e-01
6.375724768950538635e-02 5.456766792223433082e-01 9.796000000000000263e-01 8.449999999999999734e-01
5.703361049946158862e-02 6.009543448353451556e-01 9.829999999999999849e-01 8.409999999999999698e-01
7.393009677686512848e-02 5.428817613220837668e-01 9.754000000000000448e-01 8.499999999999999778e-01
9.005311039133565010e-02 5.559432490864030241e-01 9.671999999999999487e-01 8.369999999999999662e-01
7.939507815555955916e-02 5.943178118425407330e-01 9.721999999999999531e-01 8.459999999999999742e-01
6.909814532115830799e-02 5.608407049872187189e-01 9.758000000000000007e-01 8.419999999999999707e-01
8.224117846728429271e-02 5.319975775801915052e-01 9.749999999999999778e-01 8.449999999999999734e-01
6.395701320908574183e-02 5.304851489241939611e-01 9.801999999999999602e-01 8.509999999999999787e-01
7.345439660677903493e-02 5.311775222390985318e-01 9.768000000000000016e-01 8.389999999999999680e-01
6.145963422530673764e-02 5.682713053202824716e-01 9.819999999999999840e-01 8.449999999999999734e-01
8.849452368124939572e-02 5.538985999367161961e-01 9.639999999999999680e-01 8.329999999999999627e-01
9.573395260302733356e-02 5.775736806596073469e-01 9.644000000000000350e-01 8.329999999999999627e-01
9.865542446368745499e-02 6.862789781734336403e-01 9.619999999999999662e-01 8.369999999999999662e-01
7.148796211892873009e-02 5.806020026215199525e-01 9.747999999999999998e-01 8.489999999999999769e-01
8.277853825421419010e-02 5.377529144843113951e-01 9.724000000000000421e-01 8.459999999999999742e-01
7.969058811502191531e-02 5.623236698928983923e-01 9.731999999999999540e-01 8.369999999999999662e-01
7.968288327209779864e-02 5.506674446357954222e-01 9.764000000000000457e-01 8.469999999999999751e-01
6.975009127675604881e-02 5.181173487718816473e-01 9.761999999999999567e-01 8.499999999999999778e-01
6.434601722784440148e-02 5.366797629949359161e-01 9.831999999999999629e-01 8.499999999999999778e-01
7.131092391121049423e-02 4.877556274003915782e-01 9.826000000000000290e-01 8.539999999999999813e-01
5.837706136712597638e-02 5.649274423952064250e-01 9.819999999999999840e-01 8.539999999999999813e-01
6.372310562053974670e-02 5.055751473362088966e-01 9.851999999999999647e-01 8.449999999999999734e-01
7.727549387604963627e-02 6.165679674020148049e-01 9.739999999999999769e-01 8.399999999999999689e-01
1.323502930627810104e-01 6.347202034741772358e-01 9.536000000000000032e-01 8.369999999999999662e-01
1.229186756041023287e-01 6.502674363442676464e-01 9.524000000000000243e-01 8.129999999999999449e-01
5.903579127640171120e-02 5.384738280186687209e-01 9.869999999999999885e-01 8.489999999999999769e-01
7.167903251781369833e-02 5.435533608366497349e-01 9.776000000000000245e-01 8.389999999999999680e-01
1.178860865988349410e-01 6.405395594136760185e-01 9.554000000000000270e-01 8.279999999999999583e-01
8.585806761723865921e-02 5.377604942300022728e-01 9.671999999999999487e-01 8.359999999999999654e-01
7.753440185934883100e-02 5.966627160862779666e-01 9.706000000000000183e-01 8.429999999999999716e-01
1.095807288537276880e-01 6.061433442858360499e-01 9.576000000000000068e-01 8.389999999999999680e-01
9.214188706069688373e-02 6.102561879406261935e-01 9.699999999999999734e-01 8.429999999999999716e-01
7.412635529994157646e-02 5.858301424211078690e-01 9.756000000000000227e-01 8.529999999999999805e-01
6.754748559998210999e-02 5.124153878110145888e-01 9.789999999999999813e-01 8.569999999999999840e-01
1.143891933047591902e-01 6.376206319429060798e-01 9.597999999999999865e-01 8.349999999999999645e-01
6.963080884070470267e-02 5.499346727388843004e-01 9.776000000000000245e-01 8.439999999999999725e-01
5.590448477332268795e-02 5.661373262980234911e-01 9.839999999999999858e-01 8.509999999999999787e-01
7.941907192272787408e-02 5.993214943318746490e-01 9.741999999999999549e-01 8.359999999999999654e-01
5.474819075556829062e-02 5.758368732314286254e-01 9.846000000000000307e-01 8.559999999999999831e-01
6.399785934434684687e-02 5.611533324259696531e-01 9.798000000000000043e-01 8.489999999999999769e-01
1.129795490536844166e-01 6.545639947307310136e-01 9.586000000000000076e-01 8.389999999999999680e-01
5.735492285138764357e-02 5.603145934670765715e-01 9.811999999999999611e-01 8.529999999999999805e-01
5.456320792083747817e-02 5.599967689523169811e-01 9.836000000000000298e-01 8.529999999999999805e-01
5.678354388854656848e-02 5.840050456688650193e-01 9.839999999999999858e-01 8.429999999999999716e-01
8.915465980693343395e-02 5.805455508262821196e-01 9.679999999999999716e-01 8.429999999999999716e-01
5.945888743123109443e-02 5.257614760916778929e-01 9.841999999999999638e-01 8.459999999999999742e-01
1.111767966868795615e-01 5.570655218501665562e-01 9.539999999999999591e-01 8.379999999999999671e-01
7.424911393312771946e-02 5.529995503402240775e-01 9.747999999999999998e-01 8.489999999999999769e-01
6.306495013767923763e-02 5.294334537835808652e-01 9.804000000000000492e-01 8.579999999999999849e-01
6.450470489010058650e-02 5.660614761665468953e-01 9.776000000000000245e-01 8.529999999999999805e-01
6.384170966376188916e-02 5.619229671046505059e-01 9.821999999999999620e-01 8.399999999999999689e-01
6.946595247153675157e-02 5.684907711926479035e-01 9.786000000000000254e-01 8.419999999999999707e-01
5.939846643681398475e-02 5.179111093550347045e-01 9.858000000000000096e-01 8.539999999999999813e-01
6.109980085626903062e-02 5.321335075431936623e-01 9.821999999999999620e-01 8.419999999999999707e-01
5.835420889755637414e-02 5.257947581700060935e-01 9.846000000000000307e-01 8.549999999999999822e-01
4.775071756775856741e-02 5.286507465730937438e-01 9.874000000000000554e-01 8.489999999999999769e-01
5.673692055440510834e-02 5.339152996428719877e-01 9.818000000000000060e-01 8.509999999999999787e-01
6.849916031472622069e-02 5.916959920413730201e-01 9.751999999999999558e-01 8.479999999999999760e-01
6.690657665581305202e-02 6.415061494891852734e-01 9.786000000000000254e-01 8.379999999999999671e-01
5.265653031212357005e-02 5.462268800865606178e-01 9.856000000000000316e-01 8.369999999999999662e-01
5.062289742647128887e-02 5.856914970042191859e-01 9.866000000000000325e-01 8.419999999999999707e-01
6.913539159832482461e-02 5.874555625580973883e-01 9.768000000000000016e-01 8.459999999999999742e-01
6.743740683336718611e-02 5.302449967188831437e-01 9.769999999999999796e-01 8.449999999999999734e-01
1.291557646800151893e-01 7.371523317485155768e-01 9.526000000000000023e-01 8.369999999999999662e-01
4.807688344757258397e-02 5.645852088124087009e-01 9.869999999999999885e-01 8.609999999999999876e-01
7.361717447129925707e-02 6.051439008153840504e-01 9.737999999999999989e-01 8.279999999999999583e-01
1.381446522155552192e-01 7.200674911861931760e-01 9.487999999999999767e-01 8.309999999999999609e-01
5.626441561002933772e-02 5.594024491448906788e-01 9.818000000000000060e-01 8.449999999999999734e-01
5.390388773601439282e-02 5.351449701105136514e-01 9.874000000000000554e-01 8.459999999999999742e-01
5.174057329644026620e-02 5.216527281470129118e-01 9.868000000000000105e-01 8.499999999999999778e-01
4.920250963075867290e-02 5.286919547834055821e-01 9.874000000000000554e-01 8.559999999999999831e-01
6.046370404756681860e-02 5.425615434327301090e-01 9.816000000000000281e-01 8.499999999999999778e-01
6.392299960663286318e-02 5.428523434819760851e-01 9.818000000000000060e-01 8.479999999999999760e-01
5.595416421022633702e-02 5.133364466774493762e-01 9.864000000000000545e-01 8.479999999999999760e-01
4.906012650931172725e-02 5.777457966043689774e-01 9.849999999999999867e-01 8.489999999999999769e-01
9.924073722309496859e-02 6.232660944027156313e-01 9.631999999999999451e-01 8.349999999999999645e-01
5.698660228492167384e-02 5.262795401444861909e-01 9.848000000000000087e-01 8.459999999999999742e-01
7.568827523064314278e-02 5.693925477709456118e-01 9.756000000000000227e-01 8.379999999999999671e-01
5.461152188662338203e-02 5.784430932939834680e-01 9.816000000000000281e-01 8.429999999999999716e-01
7.484137525997820728e-02 5.593399735232451597e-01 9.741999999999999549e-01 8.409999999999999698e-01
6.632481256175964957e-02 5.498131601381651690e-01 9.778000000000000025e-01 8.419999999999999707e-01
8.349811657509971508e-02 6.198337135044441615e-01 9.689999999999999725e-01 8.249999999999999556e-01
8.743376752351357528e-02 6.182746860825426571e-01 9.684000000000000385e-01 8.449999999999999734e-01
1.131472334676098812e-01 7.029992231063988406e-01 9.566000000000000059e-01 8.429999999999999716e-01
8.297784632880492173e-02 5.628909748594387308e-01 9.724000000000000421e-01 8.449999999999999734e-01
6.168124018615912807e-02 5.186087235066040302e-01 9.814000000000000501e-01 8.529999999999999805e-01
6.279569109235749735e-02 5.666527072649032437e-01 9.789999999999999813e-01 8.419999999999999707e-01
7.649000400143103617e-02 6.441772165450170284e-01 9.714000000000000412e-01 8.399999999999999689e-01
8.617443350065738528e-02 6.490711158575909190e-01 9.697999999999999954e-01 8.399999999999999689e-01
5.651996787887990370e-02 5.347329368955922035e-01 9.834000000000000519e-01 8.519999999999999796e-01
5.797023672950630396e-02 6.109567659413036589e-01 9.819999999999999840e-01 8.389999999999999680e-01
4.496198803942267480e-02 5.405082020356166694e-01 9.888000000000000123e-01 8.519999999999999796e-01
6.649023075021814888e-02 5.591798093422862825e-01 9.796000000000000263e-01 8.479999999999999760e-01
7.372455812116170126e-02 6.029027769818665616e-01 9.749999999999999778e-01 8.369999999999999662e-01
1.441421291262438009e-01 6.965970095844443710e-01 9.474000000000000199e-01 8.279999999999999583e-01
5.211923560320855242e-02 5.510996883294555504e-01 9.828000000000000069e-01 8.549999999999999822e-01
5.934150406885687484e-02 5.927296054708384165e-01 9.829999999999999849e-01 8.469999999999999751e-01
4.416494191766507510e-02 5.698174005091183325e-01 9.878000000000000114e-01 8.499999999999999778e-01
4.329044747645455216e-02 5.513702978813805888e-01 9.886000000000000343e-01 8.439999999999999725e-01
5.660042410871180679e-02 5.246333348159580856e-01 9.816000000000000281e-01 8.549999999999999822e-01
5.261142826341568685e-02 5.774775091780379732e-01 9.829999999999999849e-01 8.539999999999999813e-01
4.587595036266003262e-02 6.014202660884540030e-01 9.871999999999999664e-01 8.479999999999999760e-01
6.974382334652580451e-02 6.551251226214500623e-01 9.716000000000000192e-01 8.429999999999999716e-01
3.903874104375840842e-02 5.647673339391380276e-01 9.901999999999999691e-01 8.579999999999999849e-01
5.498722348795106324e-02 5.608717607998674470e-01 9.851999999999999647e-01 8.539999999999999813e-01
7.216771768291664613e-02 6.048951395701505085e-01 9.778000000000000025e-01 8.399999999999999689e-01
4.230386703435569384e-02 5.903228437258051242e-01 9.888000000000000123e-01 8.489999999999999769e-01
6.503992291442475815e-02 5.785398104478659542e-01 9.778000000000000025e-01 8.439999999999999725e-01
1.089718135710124602e-01 6.887075211709061673e-01 9.559999999999999609e-01 8.329999999999999627e-01
7.068695535212571324e-02 5.893624127119033718e-01 9.737999999999999989e-01 8.379999999999999671e-01
6.150654236149333959e-02 6.351440320740717738e-01 9.804000000000000492e-01 8.359999999999999654e-01
6.057815906141602452e-02 5.893829173602450622e-01 9.784000000000000474e-01 8.529999999999999805e-01
5.159698755463168474e-02 5.660424645160112567e-01 9.848000000000000087e-01 8.459999999999999742e-01
7.989913310189651618e-02 5.449732412661801861e-01 9.704000000000000403e-01 8.449999999999999734e-01
5.900236056198818885e-02 5.718169918939207674e-01 9.824000000000000510e-01 8.389999999999999680e-01
4.682488816973133516e-02 5.878309701345064697e-01 9.831999999999999629e-01 8.509999999999999787e-01
7.264426445597164939e-02 5.849935382333967260e-01 9.741999999999999549e-01 8.419999999999999707e-01
8.270372875960251002e-02 6.106270912305211684e-01 9.674000000000000377e-01 8.329999999999999627e-01
6.311024904096898536e-02 6.777030427501129495e-01 9.796000000000000263e-01 8.289999999999999591e-01
5.512077094859653414e-02 6.217803695974805089e-01 9.826000000000000290e-01 8.409999999999999698e-01
6.747420517770959247e-02 6.089569688274341086e-01 9.799999999999999822e-01 8.329999999999999627e-01
5.013481551513863238e-02 5.765530705122455801e-01 9.859999999999999876e-01 8.509999999999999787e-01
7.847837147908651168e-02 5.898051047384822443e-01 9.707999999999999963e-01 8.399999999999999689e-01
5.979019790691957048e-02 5.350698768221340273e-01 9.808000000000000052e-01 8.389999999999999680e-01
6.565282362691303442e-02 5.480352848397915810e-01 9.776000000000000245e-01 8.379999999999999671e-01
4.084529788279394474e-02 5.750458698314790951e-01 9.864000000000000545e-01 8.519999999999999796e-01
3.910202419978549282e-02 5.466947689946420885e-01 9.906000000000000361e-01 8.539999999999999813e-01
4.840280509217426835e-02 5.796531234556350221e-01 9.854000000000000536e-01 8.479999999999999760e-01
9.169558285377427120e-02 6.792742312769642909e-01 9.661999999999999478e-01 8.369999999999999662e-01
4.131742757277846734e-02 5.588848805818298349e-01 9.911999999999999700e-01 8.579999999999999849e-01
4.335441763449036229e-02 6.137803683909159869e-01 9.883999999999999453e-01 8.489999999999999769e-01
8.613120132829092668e-02 6.712026369048009755e-01 9.676000000000000156e-01 8.359999999999999654e-01
6.069289342411951504e-02 6.011952478138942180e-01 9.824000000000000510e-01 8.459999999999999742e-01
4.817137035271847750e-02 5.760482184581662279e-01 9.891999999999999682e-01 8.429999999999999716e-01
7.494345769798596568e-02 6.276919460361528591e-01 9.731999999999999540e-01 8.419999999999999707e-01
5.650696055572621002e-02 6.379732855224063970e-01 9.836000000000000298e-01 8.399999999999999689e-01
6.631397031816418930e-02 5.404739235785495088e-01 9.751999999999999558e-01 8.379999999999999671e-01
4.837598683339520977e-02 6.333377865638257775e-01 9.851999999999999647e-01 8.439999999999999725e-01
6.123971517113118573e-02 5.645490692026234880e-01 9.798000000000000043e-01 8.509999999999999787e-01
4.685220338482955216e-02 5.528848911468465799e-01 9.861999999999999655e-01 8.539999999999999813e-01
5.279653478760495955e-02 5.686290641852548289e-01 9.871999999999999664e-01 8.429999999999999716e-01
6.206271710148517085e-02 5.631061137913576653e-01 9.771999999999999575e-01 8.479999999999999760e-01
7.366561835658277935e-02 6.508228127180324396e-01 9.711999999999999522e-01 8.239999999999999547e-01
4.940020935036908839e-02 5.801604368810280299e-01 9.861999999999999655e-01 8.319999999999999618e-01
6.060517230438476621e-02 5.793638115219119644e-01 9.811999999999999611e-01 8.359999999999999654e-01
7.044093750543392596e-02 6.627388774305830177e-01 9.771999999999999575e-01 8.289999999999999591e-01
4.160375213742232431e-02 5.936770261151895767e-01 9.861999999999999655e-01 8.469999999999999751e-01
3.798829408688698256e-02 5.713280147409588450e-01 9.901999999999999691e-01 8.539999999999999813e-01
7.855215118595658408e-02 5.878108978152172259e-01 9.729999999999999760e-01 8.389999999999999680e-01
4.547200205437388482e-02 5.348321033565111016e-01 9.878000000000000114e-01 8.539999999999999813e-01
4.729257070482080494e-02 5.395302288064673935e-01 9.876000000000000334e-01 8.419999999999999707e-01
6.249380347917149470e-02 5.287082300073815411e-01 9.801999999999999602e-01 8.389999999999999680e-01
6.411272732684929199e-02 5.351337314994017991e-01 9.814000000000000501e-01 8.519999999999999796e-01
5.350949115955058732e-02 5.824325605033759956e-01 9.821999999999999620e-01 8.419999999999999707e-01
